Range : 3347,4163,410,310
3347,4163,100,10
3447,4163,10,100
3447,4263,200,10
3647,4173,10,100
3647,4173,100,10
3747,4173,10,300

Range : 3943,5261,510,200
3943,5351,400,10
4343,5261,10,100
4343,5261,100,10
4443,5261,10,200

Range : 2714,4741,410,190
2714,4921,200,10
2914,4831,10,100
2914,4831,200,10
3114,4741,10,100

Range : 2013,1777,300,310
2013,1777,100,10
2113,1777,10,200
2113,1977,100,10
2213,1977,10,100
2213,2077,100,10

Range : 4948,4589,500,510
4948,4589,100,10
5048,4589,10,100
5048,4689,200,10
5248,4689,10,100
5248,4789,100,10
5348,4789,10,300
5348,5089,100,10

Range : 464,1721,310,500
464,1721,100,10
564,1721,10,200
564,1921,100,10
664,1921,10,100
664,2021,100,10
764,2021,10,200

Range : 2807,4504,710,100
2807,4594,700,10
3507,4504,10,100

Range : 1266,1475,510,190
1266,1555,100,10
1366,1555,10,100
1366,1655,100,10
1466,1565,10,100
1466,1565,200,10
1666,1475,10,100
1666,1475,100,10
1766,1475,10,100

Range : 897,1072,500,280
897,1142,100,10
997,1142,10,200
997,1342,100,10
1097,1252,10,100
1097,1252,100,10
1197,1072,10,190
1197,1072,200,10

Range : 1967,3338,400,460
1967,3688,100,10
2067,3688,10,100
2067,3788,100,10
2167,3338,10,460
2167,3338,200,10

Range : 2957,4343,300,210
2957,4343,200,10
3157,4343,10,200
3157,4543,100,10

Range : 422,4542,200,410
422,4542,100,10
522,4542,10,400
522,4942,100,10

Range : 3787,4145,600,210
3787,4145,100,10
3887,4145,10,100
3887,4245,200,10
4087,4245,10,100
4087,4345,200,10
4287,4165,10,190
4287,4165,100,10

Range : 4423,3064,500,310
4423,3154,100,10
4523,3064,10,100
4523,3064,100,10
4623,3064,10,200
4623,3264,200,10
4823,3264,10,100
4823,3364,100,10

Range : 4830,4094,210,310
4830,4094,100,10
4930,4094,10,300
4930,4394,100,10
5030,4214,10,190

Range : 4914,2690,500,100
4914,2780,100,10
5014,2690,10,100
5014,2690,400,10

Range : 3906,2353,610,280
3906,2623,100,10
4006,2443,10,190
4006,2443,200,10
4206,2353,10,100
4206,2353,300,10
4506,2353,10,100

Range : 4894,2856,410,400
4894,2856,200,10
5094,2856,10,200
5094,3056,200,10
5294,3056,10,200

Range : 1115,3084,200,550
1115,3624,100,10
1215,3084,10,550
1215,3084,100,10

Range : 1517,2930,410,460
1517,3280,100,10
1617,3280,10,100
1617,3380,100,10
1717,3020,10,370
1717,3020,200,10
1917,2930,10,100

Range : 3543,3712,400,280
3543,3982,100,10
3643,3802,10,190
3643,3802,100,10
3743,3712,10,100
3743,3712,100,10
3843,3712,10,100
3843,3812,100,10

Range : 2157,905,400,210
2157,995,100,10
2257,905,10,100
2257,905,200,10
2457,905,10,200
2457,1105,100,10

Range : 2102,1059,110,190
2102,1239,100,10
2202,1059,10,190

Range : 1381,3307,200,100
1381,3397,100,10
1481,3307,10,100
1481,3307,100,10

Range : 3274,3942,300,190
3274,4122,200,10
3474,3942,10,190
3474,3942,100,10

Range : 2309,2338,310,190
2309,2418,100,10
2409,2418,10,100
2409,2518,100,10
2509,2428,10,100
2509,2428,100,10
2609,2338,10,100

Range : 924,2667,310,200
924,2847,100,10
1024,2667,10,190
1024,2667,200,10
1224,2667,10,200

Range : 3358,3042,310,400
3358,3042,100,10
3458,3042,10,200
3458,3242,200,10
3658,3242,10,200

Range : 1972,5721,410,210
1972,5721,100,10
2072,5721,10,200
2072,5921,200,10
2272,5831,10,100
2272,5831,100,10
2372,5741,10,100

Range : 1122,4363,500,310
1122,4363,200,10
1322,4363,10,200
1322,4563,200,10
1522,4563,10,100
1522,4663,100,10

Range : 733,4278,500,310
733,4278,100,10
833,4278,10,100
833,4378,100,10
933,4378,10,200
933,4578,200,10
1133,4488,10,100
1133,4488,100,10

Range : 3392,997,500,100
3392,1087,100,10
3492,997,10,100
3492,997,400,10

Range : 4366,2088,210,600
4366,2088,100,10
4466,2088,10,100
4466,2188,100,10
4566,2188,10,500

Range : 1216,4610,210,300
1216,4790,100,10
1316,4610,10,190
1316,4610,100,10
1416,4610,10,300

Range : 2221,4816,410,460
2221,5266,200,10
2421,4996,10,280
2421,4996,100,10
2521,4906,10,100
2521,4906,100,10
2621,4816,10,100

Range : 3146,769,600,370
3146,1129,100,10
3246,1039,10,100
3246,1039,100,10
3346,949,10,100
3346,949,200,10
3546,769,10,190
3546,769,200,10

Range : 1620,1427,410,300
1620,1427,300,10
1920,1427,10,100
1920,1527,100,10
2020,1527,10,200

Range : 1501,1829,400,280
1501,1999,100,10
1601,1999,10,100
1601,2099,100,10
1701,1829,10,280
1701,1829,100,10
1801,1829,10,200
1801,2029,100,10

Range : 1136,934,400,310
1136,1024,100,10
1236,934,10,100
1236,934,100,10
1336,934,10,100
1336,1034,100,10
1436,1034,10,200
1436,1234,100,10

Range : 4411,4100,500,210
4411,4280,100,10
4511,4100,10,190
4511,4100,200,10
4711,4100,10,200
4711,4300,200,10

Range : 2668,1720,600,410
2668,1720,200,10
2868,1720,10,300
2868,2020,100,10
2968,2020,10,100
2968,2120,300,10

Range : 2127,3323,100,10
2127,3323,100,10

Range : 1001,976,200,10
1001,976,200,10

Range : 2850,2580,410,210
2850,2760,100,10
2950,2580,10,190
2950,2580,100,10
3050,2580,10,200
3050,2780,100,10
3150,2690,10,100
3150,2690,100,10
3250,2690,10,100

Range : 4256,3165,210,190
4256,3345,200,10
4456,3165,10,190

Range : 4279,3415,410,410
4279,3415,200,10
4479,3415,10,100
4479,3515,100,10
4579,3425,10,100
4579,3425,100,10
4679,3425,10,400

Range : 2951,4211,500,310
2951,4211,400,10
3351,4211,10,300
3351,4511,100,10

Range : 3783,1271,210,300
3783,1451,100,10
3883,1271,10,190
3883,1271,100,10
3983,1271,10,300

Range : 100,2960,400,190
100,3040,100,10
200,3040,10,100
200,3140,100,10
300,3050,10,100
300,3050,100,10
400,2960,10,100
400,2960,100,10

Range : 2225,4574,500,110
2225,4574,100,10
2325,4574,10,100
2325,4674,400,10

Range : 808,4667,500,190
808,4847,100,10
908,4667,10,190
908,4667,200,10
1108,4667,10,100
1108,4767,200,10

Range : 4104,1600,300,310
4104,1600,200,10
4304,1600,10,300
4304,1900,100,10

Range : 2351,4744,200,110
2351,4744,100,10
2451,4744,10,100
2451,4844,100,10

Range : 2896,2734,110,100
2896,2824,100,10
2996,2734,10,100

Range : 2569,3816,410,370
2569,3976,100,10
2669,3976,10,200
2669,4176,100,10
2769,3996,10,190
2769,3996,100,10
2869,3906,10,100
2869,3906,100,10
2969,3816,10,100

Range : 4478,4646,410,460
4478,4996,100,10
4578,4996,10,100
4578,5096,100,10
4678,4916,10,190
4678,4916,100,10
4778,4826,10,100
4778,4826,100,10
4878,4646,10,190

Range : 1877,3992,310,300
1877,4172,200,10
2077,3992,10,190
2077,3992,100,10
2177,3992,10,300

Range : 1370,3663,310,410
1370,3663,100,10
1470,3663,10,400
1470,4063,100,10
1570,3973,10,100
1570,3973,100,10
1670,3973,10,100

Range : 4200,801,410,200
4200,891,100,10
4300,801,10,100
4300,801,100,10
4400,801,10,100
4400,901,200,10
4600,901,10,100

Range : 1356,5086,610,190
1356,5266,200,10
1556,5176,10,100
1556,5176,300,10
1856,5086,10,100
1856,5086,100,10
1956,5086,10,100

Range : 790,2931,410,280
790,3191,100,10
890,3101,10,100
890,3101,100,10
990,3101,10,100
990,3201,100,10
1090,3021,10,190
1090,3021,100,10
1190,2931,10,100

Range : 2960,2255,410,410
2960,2255,100,10
3060,2255,10,200
3060,2455,100,10
3160,2365,10,100
3160,2365,100,10
3260,2365,10,200
3260,2565,100,10
3360,2565,10,100

Range : 759,5282,310,210
759,5282,100,10
859,5282,10,200
859,5482,200,10
1059,5392,10,100

Range : 450,3777,500,190
450,3957,100,10
550,3867,10,100
550,3867,300,10
850,3777,10,100
850,3777,100,10

Range : 4640,397,510,210
4640,577,100,10
4740,487,10,100
4740,487,100,10
4840,397,10,100
4840,397,100,10
4940,397,10,200
4940,597,200,10
5140,507,10,100

Range : 3567,2783,500,310
3567,2783,100,10
3667,2783,10,200
3667,2983,100,10
3767,2983,10,100
3767,3083,100,10
3867,2903,10,190
3867,2903,200,10

Range : 3261,3757,110,300
3261,3757,100,10
3361,3757,10,300

Range : 3197,1360,510,500
3197,1360,100,10
3297,1360,10,100
3297,1460,200,10
3497,1460,10,300
3497,1760,200,10
3697,1760,10,100

Range : 2079,4984,310,280
2079,5254,100,10
2179,4984,10,280
2179,4984,100,10
2279,4984,10,100
2279,5084,100,10
2379,5084,10,100

Range : 2545,4357,310,110
2545,4447,100,10
2645,4357,10,100
2645,4357,100,10
2745,4357,10,100
2745,4457,100,10
2845,4367,10,100

Range : 4013,950,410,190
4013,1030,100,10
4113,1030,10,100
4113,1130,300,10
4413,950,10,190

Range : 298,3432,510,190
298,3612,300,10
598,3432,10,190
598,3432,100,10
698,3432,10,100
698,3532,100,10
798,3442,10,100

Range : 4792,659,200,190
4792,839,100,10
4892,659,10,190
4892,659,100,10

Range : 460,2720,410,210
460,2720,100,10
560,2720,10,100
560,2820,100,10
660,2820,10,100
660,2920,100,10
760,2740,10,190
760,2740,100,10
860,2740,10,100

Range : 4289,-53,210,370
4289,307,100,10
4389,127,10,190
4389,127,100,10
4489,-53,10,190

Range : 2685,3379,300,310
2685,3379,100,10
2785,3379,10,100
2785,3479,100,10
2885,3479,10,200
2885,3679,100,10

Range : 2231,4106,310,280
2231,4376,200,10
2431,4286,10,100
2431,4286,100,10
2531,4106,10,190

Range : 1997,4416,300,190
1997,4596,200,10
2197,4416,10,190
2197,4416,100,10

Range : 2362,2992,400,310
2362,2992,200,10
2562,2992,10,200
2562,3192,100,10
2662,3192,10,100
2662,3292,100,10

Range : 1449,253,210,310
1449,253,100,10
1549,253,10,300
1549,553,100,10
1649,463,10,100

Range : 2375,3268,210,190
2375,3448,100,10
2475,3358,10,100
2475,3358,100,10
2575,3268,10,100

Range : 4228,1396,700,190
4228,1476,100,10
4328,1476,10,100
4328,1576,100,10
4428,1486,10,100
4428,1486,300,10
4728,1396,10,100
4728,1396,200,10

Range : 1567,1201,310,200
1567,1281,100,10
1667,1281,10,100
1667,1381,100,10
1767,1201,10,190
1767,1201,100,10
1867,1201,10,200

Range : 4618,3975,110,100
4618,3975,100,10
4718,3975,10,100

Range : 3790,3139,600,110
3790,3229,100,10
3890,3139,10,100
3890,3139,300,10
4190,3139,10,100
4190,3239,100,10
4290,3149,10,100
4290,3149,100,10

Range : 1621,1722,400,110
1621,1812,100,10
1721,1722,10,100
1721,1722,100,10
1821,1722,10,100
1821,1822,200,10

Range : 895,922,100,10
895,922,100,10

Range : 2566,509,710,190
2566,689,300,10
2866,599,10,100
2866,599,200,10
3066,509,10,100
3066,509,200,10
3266,509,10,100

Range : 3603,4649,510,190
3603,4729,100,10
3703,4729,10,100
3703,4829,200,10
3903,4739,10,100
3903,4739,100,10
4003,4649,10,100
4003,4649,100,10
4103,4649,10,100

Range : 276,3129,110,100
276,3219,100,10
376,3129,10,100

Range : 3052,5829,310,300
3052,5829,200,10
3252,5829,10,200
3252,6029,100,10
3352,6029,10,100

Range : 2465,220,310,310
2465,220,200,10
2665,220,10,300
2665,520,100,10
2765,430,10,100

Range : 1277,5007,210,200
1277,5007,100,10
1377,5007,10,100
1377,5107,100,10
1477,5107,10,100

Range : 3941,2282,200,110
3941,2282,100,10
4041,2282,10,100
4041,2382,100,10

Range : 1643,4001,300,110
1643,4091,100,10
1743,4001,10,100
1743,4001,100,10
1843,4001,10,100
1843,4101,100,10

Range : 4456,4386,410,110
4456,4386,100,10
4556,4386,10,100
4556,4486,300,10
4856,4396,10,100

Range : 285,2832,110,200
285,2832,100,10
385,2832,10,200

Range : 2702,1226,400,210
2702,1406,100,10
2802,1226,10,190
2802,1226,100,10
2902,1226,10,200
2902,1426,100,10
3002,1246,10,190
3002,1246,100,10

Range : 3668,634,310,300
3668,634,100,10
3768,634,10,100
3768,734,200,10
3968,734,10,200

Range : 1560,2175,110,280
1560,2445,100,10
1660,2175,10,280

