Range : 1883,4002,410,500
1883,4092,100,10
1983,4002,10,100
1983,4002,100,10
2083,4002,10,100
2083,4102,100,10
2183,4102,10,200
2183,4302,100,10
2283,4302,10,200

Range : 4520,4810,300,310
4520,4810,100,10
4620,4810,10,100
4620,4910,100,10
4720,4910,10,200
4720,5110,100,10

Range : 4706,3044,510,400
4706,3044,100,10
4806,3044,10,200
4806,3244,100,10
4906,3244,10,100
4906,3344,300,10
5206,3344,10,100

Range : 770,2013,300,370
770,2373,100,10
870,2013,10,370
870,2013,200,10

Range : 4118,734,410,300
4118,914,100,10
4218,734,10,190
4218,734,100,10
4318,734,10,100
4318,834,200,10
4518,834,10,200

Range : 3868,4728,300,460
3868,5178,200,10
4068,4728,10,460
4068,4728,100,10

Range : 1077,5241,300,210
1077,5331,100,10
1177,5241,10,100
1177,5241,100,10
1277,5241,10,200
1277,5441,100,10

Range : 4294,438,510,100
4294,528,500,10
4794,438,10,100

Range : 2292,3337,400,110
2292,3427,100,10
2392,3337,10,100
2392,3337,100,10
2492,3337,10,100
2492,3437,100,10
2592,3347,10,100
2592,3347,100,10

Range : 555,4903,310,400
555,5083,100,10
655,4903,10,190
655,4903,200,10
855,4903,10,400

Range : 3398,2105,310,190
3398,2185,100,10
3498,2185,10,100
3498,2285,200,10
3698,2105,10,190

Range : 2663,1284,200,410
2663,1284,100,10
2763,1284,10,400
2763,1684,100,10

Range : 2832,4214,400,550
2832,4754,100,10
2932,4394,10,370
2932,4394,100,10
3032,4304,10,100
3032,4304,100,10
3132,4214,10,100
3132,4214,100,10

Range : 4617,239,500,110
4617,239,100,10
4717,239,10,100
4717,339,400,10

Range : 3025,1837,200,410
3025,1837,100,10
3125,1837,10,400
3125,2237,100,10

Range : 1201,1951,210,370
1201,2311,100,10
1301,2221,10,100
1301,2221,100,10
1401,1951,10,280

Range : 1575,4440,310,190
1575,4620,100,10
1675,4440,10,190
1675,4440,200,10
1875,4440,10,100

Range : 3909,2473,400,310
3909,2563,100,10
4009,2473,10,100
4009,2473,100,10
4109,2473,10,300
4109,2773,200,10

Range : 5026,3355,110,190
5026,3535,100,10
5126,3355,10,190

Range : 4859,4101,210,700
4859,4101,100,10
4959,4101,10,200
4959,4301,100,10
5059,4301,10,500

Range : 2454,1780,300,100
2454,1870,200,10
2654,1780,10,100
2654,1780,100,10

Range : 1402,3465,300,310
1402,3465,100,10
1502,3465,10,200
1502,3665,100,10
1602,3665,10,100
1602,3765,100,10

Range : 1018,1390,410,280
1018,1660,400,10
1418,1390,10,280

Range : 1876,675,410,110
1876,675,200,10
2076,675,10,100
2076,775,200,10
2276,685,10,100

Range : 4439,983,510,300
4439,1163,200,10
4639,983,10,190
4639,983,300,10
4939,983,10,300

Range : 2486,2036,410,600
2486,2036,300,10
2786,2036,10,100
2786,2136,100,10
2886,2136,10,500

Range : 3001,5140,310,400
3001,5140,100,10
3101,5140,10,200
3101,5340,100,10
3201,5340,10,100
3201,5440,100,10
3301,5440,10,100

Range : 874,2670,210,300
874,2760,100,10
974,2670,10,100
974,2670,100,10
1074,2670,10,300

Range : 4549,5178,610,300
4549,5268,100,10
4649,5178,10,100
4649,5178,300,10
4949,5178,10,100
4949,5278,100,10
5049,5278,10,100
5049,5378,100,10
5149,5378,10,100

Range : 2467,4603,400,280
2467,4873,200,10
2667,4783,10,100
2667,4783,100,10
2767,4603,10,190
2767,4603,100,10

Range : 1348,571,310,400
1348,571,100,10
1448,571,10,100
1448,671,100,10
1548,671,10,200
1548,871,100,10
1648,871,10,100

Range : 828,3972,210,610
828,3972,100,10
928,3972,10,600
928,4572,100,10
1028,4392,10,190

Range : 1448,212,310,190
1448,392,100,10
1548,302,10,100
1548,302,100,10
1648,212,10,100
1648,212,100,10
1748,212,10,100

Range : 2489,4365,400,110
2489,4455,100,10
2589,4365,10,100
2589,4365,200,10
2789,4365,10,100
2789,4465,100,10

Range : 2145,4758,300,460
2145,5208,100,10
2245,5118,10,100
2245,5118,100,10
2345,4758,10,370
2345,4758,100,10

Range : 1145,1632,510,280
1145,1902,300,10
1445,1812,10,100
1445,1812,100,10
1545,1722,10,100
1545,1722,100,10
1645,1632,10,100

Range : 3010,2482,310,210
3010,2482,100,10
3110,2482,10,100
3110,2582,100,10
3210,2582,10,100
3210,2682,100,10
3310,2592,10,100

Range : 2693,4034,400,210
2693,4034,100,10
2793,4034,10,100
2793,4134,100,10
2893,4134,10,100
2893,4234,200,10

Range : 4589,2343,310,400
4589,2343,100,10
4689,2343,10,200
4689,2543,100,10
4789,2543,10,100
4789,2643,100,10
4889,2643,10,100

Range : 2727,2808,500,190
2727,2988,200,10
2927,2808,10,190
2927,2808,300,10

Range : 4805,583,610,370
4805,943,200,10
5005,853,10,100
5005,853,100,10
5105,763,10,100
5105,763,100,10
5205,673,10,100
5205,673,200,10
5405,583,10,100

Range : 961,3950,510,500
961,3950,100,10
1061,3950,10,200
1061,4150,400,10
1461,4150,10,300

Range : 1710,3601,410,400
1710,3601,100,10
1810,3601,10,100
1810,3701,300,10
2110,3701,10,300

Range : 3862,4030,310,400
3862,4120,100,10
3962,4030,10,100
3962,4030,200,10
4162,4030,10,400

Range : 4267,1609,110,460
4267,2059,100,10
4367,1609,10,460

Range : 5090,4186,410,400
5090,4276,100,10
5190,4186,10,100
5190,4186,200,10
5390,4186,10,100
5390,4286,100,10
5490,4286,10,300

Range : 202,2618,500,110
202,2618,200,10
402,2618,10,100
402,2718,100,10
502,2628,10,100
502,2628,200,10

Range : 3392,142,310,190
3392,222,100,10
3492,222,10,100
3492,322,100,10
3592,232,10,100
3592,232,100,10
3692,142,10,100

Range : 2726,4162,110,190
2726,4342,100,10
2826,4162,10,190

Range : 646,1240,400,310
646,1420,100,10
746,1240,10,190
746,1240,100,10
846,1240,10,300
846,1540,200,10

Range : 369,589,410,460
369,1039,200,10
569,949,10,100
569,949,200,10
769,589,10,370

Range : 335,5025,300,10
335,5025,300,10

Range : 3847,1762,400,190
3847,1942,200,10
4047,1762,10,190
4047,1762,200,10

Range : 1849,4736,300,510
1849,4736,100,10
1949,4736,10,400
1949,5136,100,10
2049,5136,10,100
2049,5236,100,10

Range : 3881,201,310,410
3881,201,200,10
4081,201,10,400
4081,601,100,10
4181,331,10,280

Range : 3933,735,210,510
3933,735,100,10
4033,735,10,500
4033,1235,100,10
4133,1145,10,100

Range : 4290,4431,410,310
4290,4431,100,10
4390,4431,10,100
4390,4531,200,10
4590,4531,10,200
4590,4731,100,10
4690,4551,10,190

Range : 1815,209,410,280
1815,379,100,10
1915,379,10,100
1915,479,100,10
2015,389,10,100
2015,389,200,10
2215,209,10,190

Range : 4744,1587,310,190
4744,1767,100,10
4844,1587,10,190
4844,1587,200,10
5044,1587,10,100

Range : 3345,2726,500,280
3345,2896,200,10
3545,2896,10,100
3545,2996,100,10
3645,2726,10,280
3645,2726,200,10

Range : 1793,1947,600,110
1793,1947,100,10
1893,1947,10,100
1893,2047,300,10
2193,1957,10,100
2193,1957,200,10

Range : 4409,2800,400,110
4409,2800,200,10
4609,2800,10,100
4609,2900,100,10
4709,2810,10,100
4709,2810,100,10

Range : 595,1429,210,370
595,1789,100,10
695,1699,10,100
695,1699,100,10
795,1429,10,280

Range : 3558,3001,500,100
3558,3091,200,10
3758,3001,10,100
3758,3001,300,10

Range : 369,3086,400,210
369,3086,200,10
569,3086,10,200
569,3286,100,10
669,3196,10,100
669,3196,100,10

Range : 3199,3106,600,280
3199,3376,200,10
3399,3196,10,190
3399,3196,200,10
3599,3106,10,100
3599,3106,100,10
3699,3106,10,100
3699,3206,100,10

Range : 3222,4654,300,460
3222,5104,100,10
3322,4744,10,370
3322,4744,100,10
3422,4654,10,100
3422,4654,100,10

Range : 60,4027,210,370
60,4287,100,10
160,4287,10,100
160,4387,100,10
260,4027,10,370

Range : 4386,4625,200,190
4386,4805,100,10
4486,4625,10,190
4486,4625,100,10

Range : 1054,4876,410,310
1054,4876,100,10
1154,4876,10,200
1154,5076,200,10
1354,5076,10,100
1354,5176,100,10
1454,5086,10,100

Range : 2569,3600,510,400
2569,3600,200,10
2769,3600,10,100
2769,3700,100,10
2869,3700,10,100
2869,3800,100,10
2969,3800,10,100
2969,3900,100,10
3069,3900,10,100

Range : 2076,2711,310,300
2076,2711,100,10
2176,2711,10,100
2176,2811,100,10
2276,2811,10,100
2276,2911,100,10
2376,2911,10,100

Range : 3426,4037,410,300
3426,4037,200,10
3626,4037,10,100
3626,4137,100,10
3726,4137,10,100
3726,4237,100,10
3826,4237,10,100

Range : 3620,3428,500,210
3620,3428,100,10
3720,3428,10,100
3720,3528,300,10
4020,3528,10,100
4020,3628,100,10

Range : 4479,3627,310,310
4479,3627,100,10
4579,3627,10,300
4579,3927,100,10
4679,3747,10,190
4679,3747,100,10
4779,3747,10,100

Range : 1180,2362,100,10
1180,2362,100,10

Range : 1229,944,410,410
1229,944,100,10
1329,944,10,100
1329,1044,100,10
1429,1044,10,100
1429,1144,100,10
1529,1054,10,100
1529,1054,100,10
1629,1054,10,300

Range : 329,1269,410,400
329,1449,100,10
429,1269,10,190
429,1269,100,10
529,1269,10,200
529,1469,100,10
629,1469,10,100
629,1569,100,10
729,1569,10,100

Range : 102,1411,300,280
102,1681,100,10
202,1591,10,100
202,1591,100,10
302,1411,10,190
302,1411,100,10

Range : 2954,2250,410,210
2954,2250,100,10
3054,2250,10,100
3054,2350,100,10
3154,2260,10,100
3154,2260,100,10
3254,2260,10,100
3254,2360,100,10
3354,2360,10,100

Range : 1482,4935,310,280
1482,5205,200,10
1682,4935,10,280
1682,4935,100,10
1782,4935,10,100

Range : 776,3050,310,210
776,3140,100,10
876,3050,10,100
876,3050,100,10
976,3050,10,200
976,3250,100,10
1076,3160,10,100

Range : 1156,3109,500,280
1156,3369,200,10
1356,3279,10,100
1356,3279,100,10
1456,3279,10,100
1456,3379,100,10
1556,3109,10,280
1556,3109,100,10

Range : 2514,3126,310,200
2514,3216,200,10
2714,3126,10,100
2714,3126,100,10
2814,3126,10,200

Range : 399,3668,310,500
399,3668,100,10
499,3668,10,400
499,4068,200,10
699,4068,10,100

Range : 4919,3814,210,400
4919,3814,100,10
5019,3814,10,200
5019,4014,100,10
5119,4014,10,200

Range : 747,4629,210,190
747,4809,200,10
947,4629,10,190

Range : 1228,2217,410,270
1228,2477,100,10
1328,2297,10,190
1328,2297,200,10
1528,2297,10,100
1528,2397,100,10
1628,2217,10,190

Range : 4232,1147,300,100
4232,1237,100,10
4332,1147,10,100
4332,1147,200,10

Range : 50,557,300,210
50,557,100,10
150,557,10,200
150,757,100,10
250,577,10,190
250,577,100,10

Range : 4876,5298,110,190
4876,5478,100,10
4976,5298,10,190

Range : 3806,1576,210,300
3806,1576,100,10
3906,1576,10,100
3906,1676,100,10
4006,1676,10,200

Range : 18,4415,310,640
18,5045,300,10
318,4415,10,640

Range : 3722,1292,110,200
3722,1292,100,10
3822,1292,10,200

Range : 809,1980,100,10
809,1980,100,10

Range : 5042,3595,210,500
5042,3595,100,10
5142,3595,10,100
5142,3695,100,10
5242,3695,10,400

Range : 4012,3832,110,100
4012,3832,100,10
4112,3832,10,100

Range : 2839,-89,400,370
2839,271,100,10
2939,1,10,280
2939,1,200,10
3139,-89,10,100
3139,-89,100,10

Range : 3994,1603,310,370
3994,1963,200,10
4194,1873,10,100
4194,1873,100,10
4294,1603,10,280

Range : 3283,3568,400,210
3283,3658,100,10
3383,3568,10,100
3383,3568,100,10
3483,3568,10,100
3483,3668,100,10
3583,3668,10,100
3583,3768,100,10

Range : 456,3526,410,400
456,3526,100,10
556,3526,10,200
556,3726,200,10
756,3726,10,100
756,3826,100,10
856,3826,10,100

Range : 3317,998,510,190
3317,1178,100,10
3417,1088,10,100
3417,1088,200,10
3617,998,10,100
3617,998,200,10
3817,998,10,100

Range : 5005,1439,110,500
5005,1439,100,10
5105,1439,10,500

Range : 2559,2790,300,190
2559,2870,100,10
2659,2870,10,100
2659,2970,100,10
2759,2790,10,190
2759,2790,100,10

Range : 12,5120,110,280
12,5390,100,10
112,5120,10,280

Range : 3326,752,500,100
3326,842,100,10
3426,752,10,100
3426,752,400,10

Range : 3396,1071,410,370
3396,1431,200,10
3596,1161,10,280
3596,1161,200,10
3796,1071,10,100

Range : 3416,2397,410,310
3416,2397,200,10
3616,2397,10,300
3616,2697,100,10
3716,2607,10,100
3716,2607,100,10
3816,2607,10,100

Range : 3189,307,300,280
3189,477,100,10
3289,477,10,100
3289,577,100,10
3389,307,10,280
3389,307,100,10

Range : 1981,3294,310,280
1981,3564,200,10
2181,3474,10,100
2181,3474,100,10
2281,3294,10,190

Range : 978,4864,100,10
978,4864,100,10

Range : 4404,3517,110,100
4404,3517,100,10
4504,3517,10,100

Range : 4469,1913,400,120
4469,1913,100,10
4569,1913,10,100
4569,2013,100,10
4669,1923,10,100
4669,1923,100,10
4769,1923,10,100
4769,2023,100,10

Range : 3244,4212,210,400
3244,4212,200,10
3444,4212,10,400

Range : 1530,3781,100,10
1530,3781,100,10

Range : 2156,1342,400,190
2156,1512,100,10
2256,1422,10,100
2256,1422,100,10
2356,1422,10,100
2356,1522,100,10
2456,1342,10,190
2456,1342,100,10

Range : 1349,2991,210,100
1349,2991,200,10
1549,2991,10,100

Range : 4160,4694,310,100
4160,4694,300,10
4460,4694,10,100

Range : 5052,2642,310,280
5052,2712,100,10
5152,2712,10,200
5152,2912,100,10
5252,2822,10,100
5252,2822,100,10
5352,2642,10,190

Range : 3190,2593,410,190
3190,2773,200,10
3390,2683,10,100
3390,2683,200,10
3590,2593,10,100

Range : 4955,2279,510,280
4955,2549,200,10
5155,2369,10,190
5155,2369,200,10
5355,2279,10,100
5355,2279,100,10
5455,2279,10,100

Range : 2262,2983,110,190
2262,3163,100,10
2362,2983,10,190

Range : 751,2673,200,100
751,2763,100,10
851,2673,10,100
851,2673,100,10

Range : 1125,48,610,190
1125,228,100,10
1225,138,10,100
1225,138,100,10
1325,48,10,100
1325,48,400,10
1725,48,10,100

Range : 3411,3849,510,200
3411,3849,300,10
3711,3849,10,100
3711,3949,200,10
3911,3949,10,100

Range : 4510,1514,300,210
4510,1514,100,10
4610,1514,10,200
4610,1714,200,10

Range : 3605,2094,100,10
3605,2094,100,10

Range : 5180,5023,300,190
5180,5203,100,10
5280,5023,10,190
5280,5023,100,10
5380,5023,10,100
5380,5123,100,10

Range : 2731,4909,300,610
2731,4909,100,10
2831,4909,10,300
2831,5209,100,10
2931,5209,10,300
2931,5509,100,10

Range : 2750,3357,400,190
2750,3537,300,10
3050,3357,10,190
3050,3357,100,10

Range : 2410,4311,200,10
2410,4311,200,10

Range : 300,5529,700,110
300,5619,300,10
600,5529,10,100
600,5529,200,10
800,5529,10,100
800,5629,100,10
900,5539,10,100
900,5539,100,10

Range : 164,5173,310,210
164,5173,200,10
364,5173,10,200
364,5373,100,10
464,5193,10,190

Range : 1731,701,300,370
1731,1061,100,10
1831,701,10,370
1831,701,200,10

Range : 3345,3276,210,280
3345,3546,100,10
3445,3276,10,280
3445,3276,100,10
3545,3276,10,100

Range : 3105,4633,210,370
3105,4893,100,10
3205,4893,10,100
3205,4993,100,10
3305,4633,10,370

Range : 4407,5897,310,500
4407,5897,100,10
4507,5897,10,100
4507,5997,100,10
4607,5997,10,200
4607,6197,100,10
4707,6197,10,200

Range : 228,3178,200,100
228,3268,100,10
328,3178,10,100
328,3178,100,10

Range : 363,1722,210,550
363,2262,100,10
463,2082,10,190
463,2082,100,10
563,1722,10,370

Range : 2169,691,410,460
2169,1141,100,10
2269,1051,10,100
2269,1051,100,10
2369,871,10,190
2369,871,200,10
2569,691,10,190

Range : 2396,2403,400,280
2396,2673,200,10
2596,2403,10,280
2596,2403,200,10

Range : 2744,3590,100,10
2744,3590,100,10

Range : 3631,2004,300,10
3631,2004,300,10

Range : 4900,5087,300,110
4900,5087,100,10
5000,5087,10,100
5000,5187,100,10
5100,5097,10,100
5100,5097,100,10

Range : 2123,1160,210,200
2123,1160,200,10
2323,1160,10,200

Range : 1004,682,310,200
1004,862,200,10
1204,682,10,190
1204,682,100,10
1304,682,10,200

Range : 4953,5699,400,190
4953,5879,100,10
5053,5789,10,100
5053,5789,100,10
5153,5699,10,100
5153,5699,200,10

Range : 4460,2078,110,370
4460,2438,100,10
4560,2078,10,370

Range : 3984,1897,310,280
3984,2067,100,10
4084,2067,10,100
4084,2167,100,10
4184,1987,10,190
4184,1987,100,10
4284,1897,10,100

Range : 3167,515,110,550
3167,1055,100,10
3267,515,10,550

Range : 1848,4654,400,210
1848,4654,200,10
2048,4654,10,100
2048,4754,100,10
2148,4754,10,100
2148,4854,100,10

Range : 1563,558,210,300
1563,558,100,10
1663,558,10,100
1663,658,100,10
1763,658,10,200

Range : 3792,875,210,200
3792,875,100,10
3892,875,10,100
3892,975,100,10
3992,975,10,100

Range : 345,4582,600,220
345,4582,200,10
545,4582,10,100
545,4682,100,10
645,4592,10,100
645,4592,100,10
745,4592,10,200
745,4792,200,10

Range : 584,4804,100,10
584,4804,100,10

Range : 4666,3883,300,190
4666,4063,100,10
4766,3883,10,190
4766,3883,200,10

Range : 1643,1451,410,190
1643,1621,100,10
1743,1531,10,100
1743,1531,100,10
1843,1531,10,100
1843,1631,100,10
1943,1541,10,100
1943,1541,100,10
2043,1451,10,100

Range : 3236,3004,200,110
3236,3004,100,10
3336,3004,10,100
3336,3104,100,10

Range : 1399,2711,610,190
1399,2791,400,10
1799,2791,10,100
1799,2891,100,10
1899,2801,10,100
1899,2801,100,10
1999,2711,10,100

Range : 294,4008,310,410
294,4008,100,10
394,4008,10,100
394,4108,100,10
494,4108,10,300
494,4408,100,10
594,4228,10,190

Range : 4572,3107,210,370
4572,3467,100,10
4672,3287,10,190
4672,3287,100,10
4772,3107,10,190

Range : 4754,4404,300,280
4754,4674,200,10
4954,4404,10,280
4954,4404,100,10

Range : 2341,3854,310,200
2341,4034,200,10
2541,3854,10,190
2541,3854,100,10
2641,3854,10,200

Range : 3118,3853,200,10
3118,3853,200,10

Range : 4288,3362,310,100
4288,3362,300,10
4588,3362,10,100

Range : 1905,3007,310,280
1905,3277,100,10
2005,3097,10,190
2005,3097,100,10
2105,3007,10,100
2105,3007,100,10
2205,3007,10,100

Range : 4352,421,110,100
4352,421,100,10
4452,421,10,100

Range : 490,3178,310,280
490,3348,100,10
590,3348,10,100
590,3448,100,10
690,3358,10,100
690,3358,100,10
790,3178,10,190

Range : 2177,1554,200,10
2177,1554,200,10

Range : 4567,5704,500,10
4567,5704,500,10

Range : 3751,5210,210,300
3751,5300,100,10
3851,5210,10,100
3851,5210,100,10
3951,5210,10,300

Range : 2670,1093,500,310
2670,1093,200,10
2870,1093,10,100
2870,1193,200,10
3070,1193,10,200
3070,1393,100,10

Range : 1203,3007,110,300
1203,3007,100,10
1303,3007,10,300

Range : 2694,520,410,280
2694,690,100,10
2794,690,10,100
2794,790,100,10
2894,700,10,100
2894,700,100,10
2994,610,10,100
2994,610,100,10
3094,520,10,100

Range : 1145,2905,200,10
1145,2905,200,10

Range : 48,3124,510,190
48,3204,100,10
148,3204,10,100
148,3304,300,10
448,3214,10,100
448,3214,100,10
548,3124,10,100

Range : 4562,4121,310,190
4562,4301,200,10
4762,4121,10,190
4762,4121,100,10
4862,4121,10,100

Range : 10,5403,110,100
10,5493,100,10
110,5403,10,100

Range : 2411,2024,100,10
2411,2024,100,10

Range : 4536,3972,200,310
4536,3972,100,10
4636,3972,10,300
4636,4272,100,10

Range : 2183,2632,400,410
2183,2632,200,10
2383,2632,10,200
2383,2832,100,10
2483,2832,10,200
2483,3032,100,10

Range : 2173,5227,610,100
2173,5317,100,10
2273,5227,10,100
2273,5227,500,10
2773,5227,10,100

Range : 5050,1950,300,410
5050,1950,100,10
5150,1950,10,400
5150,2350,100,10
5250,2260,10,100
5250,2260,100,10

Range : 736,1121,510,500
736,1121,300,10
1036,1121,10,100
1036,1221,200,10
1236,1221,10,400

Range : 3562,950,300,10
3562,950,300,10

Range : 4292,2869,210,370
4292,3229,200,10
4492,2869,10,370

Range : 2023,2471,500,110
2023,2561,200,10
2223,2471,10,100
2223,2471,200,10
2423,2471,10,100
2423,2571,100,10

Range : 3184,3470,100,10
3184,3470,100,10

Range : 135,3497,300,210
135,3497,100,10
235,3497,10,100
235,3597,100,10
335,3597,10,100
335,3697,100,10

Range : 3731,5261,500,370
3731,5521,100,10
3831,5521,10,100
3831,5621,200,10
4031,5441,10,190
4031,5441,100,10
4131,5261,10,190
4131,5261,100,10

Range : 2679,919,200,110
2679,919,100,10
2779,919,10,100
2779,1019,100,10

Range : 1341,5558,510,190
1341,5738,100,10
1441,5558,10,190
1441,5558,200,10
1641,5558,10,100
1641,5658,200,10
1841,5568,10,100

Range : 3113,1450,400,110
3113,1450,200,10
3313,1450,10,100
3313,1550,100,10
3413,1460,10,100
3413,1460,100,10

Range : 4861,1802,200,10
4861,1802,200,10

Range : 1418,2230,410,280
1418,2500,200,10
1618,2410,10,100
1618,2410,200,10
1818,2230,10,190

Range : 2730,899,110,100
2730,899,100,10
2830,899,10,100

Range : 3681,2062,300,110
3681,2062,200,10
3881,2062,10,100
3881,2162,100,10

Range : 1152,3713,410,300
1152,3803,200,10
1352,3713,10,100
1352,3713,100,10
1452,3713,10,200
1452,3913,100,10
1552,3913,10,100

Range : 242,2812,200,10
242,2812,200,10

Range : 2412,3479,210,310
2412,3479,100,10
2512,3479,10,300
2512,3779,100,10
2612,3689,10,100

Range : 1655,2341,400,370
1655,2701,100,10
1755,2521,10,190
1755,2521,100,10
1855,2431,10,100
1855,2431,100,10
1955,2341,10,100
1955,2341,100,10

Range : 4306,1514,300,210
4306,1514,100,10
4406,1514,10,200
4406,1714,200,10

Range : 150,1281,200,110
150,1281,100,10
250,1281,10,100
250,1381,100,10

Range : 3636,4261,110,190
3636,4441,100,10
3736,4261,10,190

Range : 546,2977,200,210
546,2977,100,10
646,2977,10,200
646,3177,100,10

Range : 1420,4962,310,460
1420,5412,100,10
1520,5322,10,100
1520,5322,200,10
1720,4962,10,370

Range : 872,3012,100,10
872,3012,100,10

Range : 1158,3679,200,10
1158,3679,200,10

Range : 5201,892,410,190
5201,1072,200,10
5401,982,10,100
5401,982,100,10
5501,892,10,100
5501,892,100,10
5601,892,10,100

Range : 2582,830,100,10
2582,830,100,10

Range : 79,1656,310,550
79,2096,100,10
179,2096,10,100
179,2196,100,10
279,2106,10,100
279,2106,100,10
379,1656,10,460

Range : 4344,3780,210,110
4344,3780,100,10
4444,3780,10,100
4444,3880,100,10
4544,3790,10,100

Range : 2868,2879,210,280
2868,3149,100,10
2968,2969,10,190
2968,2969,100,10
3068,2879,10,100

Range : 4979,4867,300,210
4979,4867,100,10
5079,4867,10,200
5079,5067,200,10

Range : 2090,232,310,370
2090,592,100,10
2190,502,10,100
2190,502,100,10
2290,322,10,190
2290,322,100,10
2390,232,10,100

Range : 916,1831,110,100
916,1831,100,10
1016,1831,10,100

Range : 638,5773,310,300
638,5773,300,10
938,5773,10,300

Range : 4261,4844,310,210
4261,4934,100,10
4361,4844,10,100
4361,4844,100,10
4461,4844,10,200
4461,5044,100,10
4561,4864,10,190

Range : 4442,2490,100,10
4442,2490,100,10

Range : 3046,733,210,190
3046,913,100,10
3146,823,10,100
3146,823,100,10
3246,733,10,100

Range : 91,3761,400,190
91,3941,100,10
191,3851,10,100
191,3851,100,10
291,3761,10,100
291,3761,200,10

Range : 2377,5882,500,210
2377,5882,100,10
2477,5882,10,100
2477,5982,100,10
2577,5982,10,100
2577,6082,200,10
2777,5992,10,100
2777,5992,100,10

Range : 1590,2929,410,310
1590,2929,100,10
1690,2929,10,100
1690,3029,200,10
1890,3029,10,200
1890,3229,100,10
1990,3139,10,100

Range : 3638,5011,110,500
3638,5011,100,10
3738,5011,10,500

Range : 4326,3938,300,110
4326,3938,200,10
4526,3938,10,100
4526,4038,100,10

Range : 1468,4652,410,300
1468,4652,100,10
1568,4652,10,100
1568,4752,100,10
1668,4752,10,100
1668,4852,200,10
1868,4852,10,100

Range : 2110,2267,700,110
2110,2357,200,10
2310,2267,10,100
2310,2267,300,10
2610,2267,10,100
2610,2367,100,10
2710,2277,10,100
2710,2277,100,10

Range : 860,2574,110,100
860,2574,100,10
960,2574,10,100

Range : 3470,794,210,100
3470,884,100,10
3570,794,10,100
3570,794,100,10
3670,794,10,100

Range : 3876,5838,510,200
3876,5838,500,10
4376,5838,10,200

Range : 3880,1341,310,200
3880,1421,100,10
3980,1421,10,100
3980,1521,100,10
4080,1341,10,190
4080,1341,100,10
4180,1341,10,200

Range : 4828,4886,200,110
4828,4886,100,10
4928,4886,10,100
4928,4986,100,10

Range : 2518,5844,310,100
2518,5844,300,10
2818,5844,10,100

Range : 1760,3981,210,190
1760,4161,100,10
1860,3981,10,190
1860,3981,100,10
1960,3981,10,100

Range : 5174,1149,100,10
5174,1149,100,10

Range : 4238,4736,110,100
4238,4826,100,10
4338,4736,10,100

Range : 2949,2983,400,190
2949,3163,100,10
3049,2983,10,190
3049,2983,300,10

Range : 2539,4050,210,100
2539,4140,200,10
2739,4050,10,100

Range : 1702,3375,210,190
1702,3555,100,10
1802,3465,10,100
1802,3465,100,10
1902,3375,10,100

Range : 4621,1944,310,460
4621,2194,200,10
4821,2194,10,200
4821,2394,100,10
4921,1944,10,460

Range : 894,2529,400,310
894,2529,200,10
1094,2529,10,200
1094,2729,100,10
1194,2729,10,100
1194,2829,100,10

Range : 852,3494,500,210
852,3494,100,10
952,3494,10,200
952,3694,100,10
1052,3604,10,100
1052,3604,100,10
1152,3514,10,100
1152,3514,100,10
1252,3514,10,100
1252,3614,100,10

Range : 4332,1390,510,310
4332,1390,300,10
4632,1390,10,200
4632,1590,100,10
4732,1590,10,100
4732,1690,100,10
4832,1600,10,100

Range : 2514,640,400,10
2514,640,400,10

Range : 1820,3353,210,200
1820,3353,200,10
2020,3353,10,200

Range : 1032,967,110,200
1032,967,100,10
1132,967,10,200

Range : 3527,441,400,210
3527,441,300,10
3827,441,10,200
3827,641,100,10

Range : 4200,3882,300,110
4200,3882,100,10
4300,3882,10,100
4300,3982,200,10

Range : 1440,1226,510,300
1440,1406,200,10
1640,1226,10,190
1640,1226,100,10
1740,1226,10,100
1740,1326,200,10
1940,1326,10,200

Range : 3713,3557,300,280
3713,3827,100,10
3813,3647,10,190
3813,3647,100,10
3913,3557,10,100
3913,3557,100,10

Range : 2887,891,200,10
2887,891,200,10

Range : 2888,2510,210,190
2888,2690,100,10
2988,2600,10,100
2988,2600,100,10
3088,2510,10,100

Range : 2300,3706,200,10
2300,3706,200,10

Range : 2358,3836,110,100
2358,3836,100,10
2458,3836,10,100

Range : 4124,2928,310,210
4124,3108,100,10
4224,2928,10,190
4224,2928,100,10
4324,2928,10,200
4324,3128,100,10
4424,3038,10,100

Range : 906,5474,310,280
906,5744,200,10
1106,5654,10,100
1106,5654,100,10
1206,5474,10,190

Range : 2054,1876,110,100
2054,1876,100,10
2154,1876,10,100

Range : 3919,2161,110,190
3919,2341,100,10
4019,2161,10,190

Range : 1670,2149,110,200
1670,2149,100,10
1770,2149,10,200

Range : 4236,1086,100,10
4236,1086,100,10

Range : 645,1788,110,100
645,1878,100,10
745,1788,10,100

Range : 3962,3243,400,110
3962,3243,100,10
4062,3243,10,100
4062,3343,200,10
4262,3253,10,100
4262,3253,100,10

Range : 4899,3571,310,100
4899,3571,300,10
5199,3571,10,100

Range : 2379,4151,200,110
2379,4151,100,10
2479,4151,10,100
2479,4251,100,10

Range : 4990,751,400,550
4990,1291,100,10
5090,1021,10,280
5090,1021,100,10
5190,841,10,190
5190,841,100,10
5290,751,10,100
5290,751,100,10

Range : 2677,1929,410,110
2677,2019,200,10
2877,1929,10,100
2877,1929,100,10
2977,1929,10,100
2977,2029,100,10
3077,1939,10,100

Range : 1936,1733,210,100
1936,1733,200,10
2136,1733,10,100

Range : 4329,2725,200,10
4329,2725,200,10

Range : 2379,4324,200,110
2379,4324,100,10
2479,4324,10,100
2479,4424,100,10

Range : 4367,5193,200,10
4367,5193,200,10

Range : 207,3015,110,200
207,3015,100,10
307,3015,10,200

Range : 1447,2002,410,200
1447,2092,200,10
1647,2002,10,100
1647,2002,200,10
1847,2002,10,200

Range : 4356,5330,200,10
4356,5330,200,10

Range : 3761,4652,300,280
3761,4922,200,10
3961,4652,10,280
3961,4652,100,10

Range : 1190,2877,210,100
1190,2967,200,10
1390,2877,10,100

Range : 2994,1665,400,310
2994,1665,200,10
3194,1665,10,300
3194,1965,100,10
3294,1695,10,280
3294,1695,100,10

Range : 2808,1770,310,300
2808,1860,100,10
2908,1770,10,100
2908,1770,100,10
3008,1770,10,100
3008,1870,100,10
3108,1870,10,200

Range : 3597,909,100,10
3597,909,100,10

Range : 225,2222,510,280
225,2292,300,10
525,2292,10,100
525,2392,100,10
625,2392,10,100
625,2492,100,10
725,2222,10,280

Range : 83,2401,410,190
83,2481,200,10
283,2481,10,100
283,2581,200,10
483,2401,10,190

Range : 2906,4482,400,370
2906,4842,100,10
3006,4662,10,190
3006,4662,200,10
3206,4482,10,190
3206,4482,100,10

Range : 1112,1925,210,200
1112,1925,100,10
1212,1925,10,100
1212,2025,100,10
1312,2025,10,100

Range : 2171,1381,510,370
2171,1641,100,10
2271,1641,10,100
2271,1741,100,10
2371,1651,10,100
2371,1651,100,10
2471,1561,10,100
2471,1561,200,10
2671,1381,10,190

Range : 5169,5628,100,10
5169,5628,100,10

Range : 2124,2442,200,10
2124,2442,200,10

Range : 701,4151,210,280
701,4421,100,10
801,4241,10,190
801,4241,100,10
901,4151,10,100

Range : 3841,3258,210,100
3841,3348,200,10
4041,3258,10,100

Range : 3902,2803,110,100
3902,2803,100,10
4002,2803,10,100

Range : 334,5803,400,190
334,5883,100,10
434,5883,10,100
434,5983,100,10
534,5893,10,100
534,5893,100,10
634,5803,10,100
634,5803,100,10

Range : 2280,1785,200,100
2280,1875,100,10
2380,1785,10,100
2380,1785,100,10

Range : 2526,5033,110,100
2526,5033,100,10
2626,5033,10,100

Range : 3944,4020,200,10
3944,4020,200,10

Range : 834,5329,410,100
834,5419,400,10
1234,5329,10,100

Range : 209,1255,300,10
209,1255,300,10

Range : 880,565,400,190
880,745,200,10
1080,655,10,100
1080,655,100,10
1180,565,10,100
1180,565,100,10

Range : 2903,3211,110,200
2903,3211,100,10
3003,3211,10,200

Range : 3664,1519,200,110
3664,1519,100,10
3764,1519,10,100
3764,1619,100,10

Range : 4311,2349,200,100
4311,2439,100,10
4411,2349,10,100
4411,2349,100,10

Range : 3209,3415,110,100
3209,3505,100,10
3309,3415,10,100

Range : 21,2864,500,210
21,2864,300,10
321,2864,10,100
321,2964,100,10
421,2964,10,100
421,3064,100,10

Range : 3347,4620,100,10
3347,4620,100,10

Range : 1804,457,510,190
1804,637,400,10
2204,547,10,100
2204,547,100,10
2304,457,10,100

Range : 4551,5612,100,10
4551,5612,100,10

Range : 3537,5603,300,610
3537,5603,100,10
3637,5603,10,600
3637,6203,200,10

Range : 563,2765,110,100
563,2855,100,10
663,2765,10,100

Range : 991,212,310,190
991,392,100,10
1091,302,10,100
1091,302,200,10
1291,212,10,100

Range : 4422,3501,200,10
4422,3501,200,10

Range : 2908,389,300,410
2908,479,100,10
3008,389,10,100
3008,389,100,10
3108,389,10,400
3108,789,100,10

Range : 465,1082,110,100
465,1172,100,10
565,1082,10,100

Range : 1536,5757,310,410
1536,5757,100,10
1636,5757,10,200
1636,5957,100,10
1736,5957,10,200
1736,6157,100,10
1836,5977,10,190

Range : 4021,1315,100,10
4021,1315,100,10

Range : 2669,5699,600,210
2669,5699,400,10
3069,5699,10,200
3069,5899,100,10
3169,5809,10,100
3169,5809,100,10

Range : 4053,3385,400,280
4053,3655,300,10
4353,3385,10,280
4353,3385,100,10

Range : 4219,3696,110,100
4219,3786,100,10
4319,3696,10,100

Range : 152,2673,410,100
152,2763,400,10
552,2673,10,100

Range : 570,2744,200,10
570,2744,200,10

Range : 4543,2963,100,10
4543,2963,100,10

Range : 143,3357,310,100
143,3447,300,10
443,3357,10,100

Range : 4611,4703,210,100
4611,4793,200,10
4811,4703,10,100

Range : 4311,2466,100,10
4311,2466,100,10

Range : 1164,4301,110,550
1164,4841,100,10
1264,4301,10,550

Range : 5065,5148,410,370
5065,5508,100,10
5165,5418,10,100
5165,5418,100,10
5265,5328,10,100
5265,5328,200,10
5465,5148,10,190

Range : 2312,3555,110,100
2312,3555,100,10
2412,3555,10,100

Range : 1189,2511,500,210
1189,2511,300,10
1489,2511,10,200
1489,2711,200,10

Range : 4439,5485,310,200
4439,5575,200,10
4639,5485,10,100
4639,5485,100,10
4739,5485,10,200

Range : 1999,5818,210,400
1999,5818,100,10
2099,5818,10,200
2099,6018,100,10
2199,6018,10,200

Range : 735,991,300,100
735,1081,100,10
835,991,10,100
835,991,200,10

Range : 4840,2899,310,400
4840,2899,100,10
4940,2899,10,100
4940,2999,100,10
5040,2999,10,200
5040,3199,100,10
5140,3199,10,100

Range : 4871,1441,100,10
4871,1441,100,10

Range : 4265,4379,100,10
4265,4379,100,10

Range : 1975,1846,100,10
1975,1846,100,10

Range : 3069,170,510,190
3069,350,200,10
3269,260,10,100
3269,260,100,10
3369,170,10,100
3369,170,200,10
3569,170,10,100

Range : 2347,4093,100,10
2347,4093,100,10

Range : 1429,5536,400,110
1429,5536,300,10
1729,5536,10,100
1729,5636,100,10

Range : 60,5852,300,410
60,5852,100,10
160,5852,10,400
160,6252,200,10

Range : 2156,2118,500,100
2156,2208,400,10
2556,2118,10,100
2556,2118,100,10

Range : 2415,373,210,200
2415,553,100,10
2515,373,10,190
2515,373,100,10
2615,373,10,200

Range : 1061,3382,310,300
1061,3472,100,10
1161,3382,10,100
1161,3382,100,10
1261,3382,10,100
1261,3482,100,10
1361,3482,10,200

Range : 3895,5737,110,100
3895,5737,100,10
3995,5737,10,100

Range : 1029,1691,100,10
1029,1691,100,10

Range : 4639,2986,200,10
4639,2986,200,10

Range : 1096,2312,100,10
1096,2312,100,10

Range : 148,605,500,280
148,875,200,10
348,605,10,280
348,605,100,10
448,605,10,100
448,705,200,10

Range : 4087,2815,200,100
4087,2905,100,10
4187,2815,10,100
4187,2815,100,10

Range : 3596,4925,100,10
3596,4925,100,10

Range : 3456,1581,300,190
3456,1761,200,10
3656,1581,10,190
3656,1581,100,10

Range : 3215,1616,100,10
3215,1616,100,10

Range : 5190,4488,300,190
5190,4668,200,10
5390,4488,10,190
5390,4488,100,10

Range : 613,1028,110,100
613,1118,100,10
713,1028,10,100

Range : 4494,1800,200,100
4494,1890,100,10
4594,1800,10,100
4594,1800,100,10

Range : 722,2550,300,100
722,2640,100,10
822,2550,10,100
822,2550,200,10

Range : 4214,4024,110,100
4214,4114,100,10
4314,4024,10,100

Range : 4205,1334,110,100
4205,1334,100,10
4305,1334,10,100

Range : 3074,1078,100,10
3074,1078,100,10

Range : 2517,2895,110,190
2517,3075,100,10
2617,2895,10,190

Range : 4542,1263,300,100
4542,1353,100,10
4642,1263,10,100
4642,1263,200,10

Range : 2305,4451,610,190
2305,4631,200,10
2505,4541,10,100
2505,4541,400,10
2905,4451,10,100

Range : 516,5302,210,200
516,5392,100,10
616,5302,10,100
616,5302,100,10
716,5302,10,200

Range : 2515,5485,310,210
2515,5485,100,10
2615,5485,10,200
2615,5685,200,10
2815,5595,10,100

Range : 226,1150,110,100
226,1150,100,10
326,1150,10,100

Range : 4442,2067,110,100
4442,2067,100,10
4542,2067,10,100

Range : 2391,1077,600,100
2391,1167,200,10
2591,1077,10,100
2591,1077,400,10

Range : 3077,5499,210,100
3077,5589,200,10
3277,5499,10,100

Range : 2006,5269,410,190
2006,5449,400,10
2406,5269,10,190

Range : 2807,1741,100,10
2807,1741,100,10

Range : 5204,1369,410,510
5204,1369,200,10
5404,1369,10,500
5404,1869,200,10
5604,1779,10,100

Range : 4554,4244,400,100
4554,4334,300,10
4854,4244,10,100
4854,4244,100,10

Range : 4115,1279,100,10
4115,1279,100,10

Range : 2942,5321,610,370
2942,5681,500,10
3442,5591,10,100
3442,5591,100,10
3542,5321,10,280

Range : 4216,4036,210,190
4216,4216,200,10
4416,4036,10,190

Range : 1677,4321,110,100
1677,4321,100,10
1777,4321,10,100

Range : 4791,3625,300,10
4791,3625,300,10

Range : 81,360,310,190
81,440,200,10
281,440,10,100
281,540,100,10
381,360,10,190

Range : 3480,4409,300,410
3480,4409,100,10
3580,4409,10,200
3580,4609,100,10
3680,4609,10,200
3680,4809,100,10

Range : 3732,2174,510,310
3732,2174,100,10
3832,2174,10,300
3832,2474,100,10
3932,2384,10,100
3932,2384,300,10
4232,2384,10,100

Range : 4278,5432,300,210
4278,5432,100,10
4378,5432,10,200
4378,5632,200,10

Range : 1798,1728,110,200
1798,1728,100,10
1898,1728,10,200

Range : 3125,4155,200,10
3125,4155,200,10

Range : 4258,2177,300,10
4258,2177,300,10

Range : 2385,5514,200,190
2385,5694,100,10
2485,5514,10,190
2485,5514,100,10

Range : 96,39,500,280
96,309,100,10
196,39,10,280
196,39,100,10
296,39,10,100
296,139,100,10
396,139,10,100
396,239,200,10

Range : 5064,1411,300,410
5064,1411,100,10
5164,1411,10,200
5164,1611,100,10
5264,1611,10,200
5264,1811,100,10

Range : 987,3781,310,300
987,3781,100,10
1087,3781,10,100
1087,3881,200,10
1287,3881,10,200

Range : 3586,3796,100,10
3586,3796,100,10

Range : 1751,754,310,370
1751,1114,100,10
1851,1024,10,100
1851,1024,200,10
2051,754,10,280

Range : 4547,2758,310,100
4547,2758,300,10
4847,2758,10,100

Range : 1530,1580,200,10
1530,1580,200,10

Range : 146,889,210,300
146,889,100,10
246,889,10,100
246,989,100,10
346,989,10,200

Range : 1858,3392,110,190
1858,3572,100,10
1958,3392,10,190

Range : 2131,3989,300,210
2131,3989,100,10
2231,3989,10,100
2231,4089,100,10
2331,4089,10,100
2331,4189,100,10

Range : 5083,5645,100,10
5083,5645,100,10

Range : 2390,661,110,100
2390,661,100,10
2490,661,10,100

Range : 4442,1238,110,100
4442,1328,100,10
4542,1238,10,100

Range : 983,3337,100,10
983,3337,100,10

Range : 1225,5111,110,100
1225,5201,100,10
1325,5111,10,100

Range : 96,2849,100,10
96,2849,100,10

Range : 3632,4905,100,10
3632,4905,100,10

Range : 3067,885,110,100
3067,975,100,10
3167,885,10,100

Range : 4744,5896,300,10
4744,5896,300,10

Range : 2087,4331,110,190
2087,4511,100,10
2187,4331,10,190

Range : 409,299,310,280
409,569,200,10
609,389,10,190
609,389,100,10
709,299,10,100

Range : 3536,895,200,10
3536,895,200,10

Range : 3221,3530,200,10
3221,3530,200,10

Range : 4352,1359,100,10
4352,1359,100,10

Range : 2152,3891,300,10
2152,3891,300,10

Range : 4314,1107,200,10
4314,1107,200,10

Range : 4773,5065,300,100
4773,5155,100,10
4873,5065,10,100
4873,5065,200,10

Range : 4838,1854,210,110
4838,1854,100,10
4938,1854,10,100
4938,1954,100,10
5038,1864,10,100

Range : 2122,1838,110,100
2122,1838,100,10
2222,1838,10,100

Range : 1831,2287,110,100
1831,2287,100,10
1931,2287,10,100

Range : 4837,4817,100,10
4837,4817,100,10

Range : 1724,1184,100,10
1724,1184,100,10

Range : 4805,5378,700,190
4805,5558,600,10
5405,5378,10,190
5405,5378,100,10

Range : 2733,2624,110,100
2733,2714,100,10
2833,2624,10,100

Range : 703,5700,200,10
703,5700,200,10

Range : 29,4133,310,280
29,4403,300,10
329,4133,10,280

Range : 2248,2342,110,100
2248,2432,100,10
2348,2342,10,100

Range : 2074,2653,300,110
2074,2653,200,10
2274,2653,10,100
2274,2753,100,10

Range : 3493,696,200,10
3493,696,200,10

Range : 876,1640,300,210
876,1640,100,10
976,1640,10,100
976,1740,100,10
1076,1740,10,100
1076,1840,100,10

Range : 992,4733,200,10
992,4733,200,10

Range : 1268,5864,400,210
1268,5864,200,10
1468,5864,10,100
1468,5964,100,10
1568,5964,10,100
1568,6064,100,10

Range : 4764,5795,110,100
4764,5885,100,10
4864,5795,10,100

Range : 896,2484,100,10
896,2484,100,10

Range : 5140,4682,100,10
5140,4682,100,10

Range : 2160,4366,110,190
2160,4546,100,10
2260,4366,10,190

Range : 3452,1932,300,100
3452,2022,100,10
3552,1932,10,100
3552,1932,200,10

Range : 393,5411,210,110
393,5411,100,10
493,5411,10,100
493,5511,100,10
593,5421,10,100

Range : 3486,1895,310,100
3486,1895,300,10
3786,1895,10,100

Range : 3671,4999,210,100
3671,4999,200,10
3871,4999,10,100

Range : 2626,3453,110,100
2626,3453,100,10
2726,3453,10,100

Range : 2899,972,100,10
2899,972,100,10

Range : 2299,1922,210,100
2299,1922,200,10
2499,1922,10,100

Range : 1659,3348,100,10
1659,3348,100,10

Range : 1354,4625,200,110
1354,4625,100,10
1454,4625,10,100
1454,4725,100,10

Range : 4481,2696,100,10
4481,2696,100,10

Range : 360,5007,200,10
360,5007,200,10

Range : 2496,1323,110,200
2496,1323,100,10
2596,1323,10,200

Range : 3404,2093,100,10
3404,2093,100,10

Range : 1613,4001,210,190
1613,4181,100,10
1713,4091,10,100
1713,4091,100,10
1813,4001,10,100

Range : 5118,1909,310,210
5118,1909,100,10
5218,1909,10,100
5218,2009,100,10
5318,2009,10,100
5318,2109,100,10
5418,1929,10,190

Range : 3848,3397,100,10
3848,3397,100,10

Range : 4117,5549,210,190
4117,5729,100,10
4217,5639,10,100
4217,5639,100,10
4317,5549,10,100

Range : 3131,3979,310,210
3131,3979,200,10
3331,3979,10,200
3331,4179,100,10
3431,4089,10,100

Range : 3577,5518,110,600
3577,5518,100,10
3677,5518,10,600

Range : 4649,618,510,190
4649,798,100,10
4749,618,10,190
4749,618,400,10
5149,618,10,100

Range : 2405,5305,310,190
2405,5485,100,10
2505,5395,10,100
2505,5395,200,10
2705,5305,10,100

Range : 4383,2574,100,10
4383,2574,100,10

Range : 2003,2247,400,10
2003,2247,400,10

Range : 753,4829,100,10
753,4829,100,10

Range : 1862,5375,300,10
1862,5375,300,10

Range : 3402,5699,210,100
3402,5789,200,10
3602,5699,10,100

Range : 4824,3427,210,100
4824,3517,100,10
4924,3427,10,100
4924,3427,100,10
5024,3427,10,100

Range : 114,3531,110,190
114,3711,100,10
214,3531,10,190

Range : 2180,4589,200,110
2180,4589,100,10
2280,4589,10,100
2280,4689,100,10

Range : 2633,3557,100,10
2633,3557,100,10

Range : 2756,2916,300,100
2756,3006,200,10
2956,2916,10,100
2956,2916,100,10

Range : 3744,1493,100,10
3744,1493,100,10

Range : 540,4143,110,370
540,4503,100,10
640,4143,10,370

Range : 4055,3176,200,10
4055,3176,200,10

Range : 4393,585,300,100
4393,675,100,10
4493,585,10,100
4493,585,200,10

Range : 4346,5160,100,10
4346,5160,100,10

Range : 1290,4781,300,10
1290,4781,300,10

Range : 4296,700,200,10
4296,700,200,10

Range : 4612,1756,300,210
4612,1756,100,10
4712,1756,10,100
4712,1856,100,10
4812,1856,10,100
4812,1956,100,10

Range : 2935,4762,210,100
2935,4852,100,10
3035,4762,10,100
3035,4762,100,10
3135,4762,10,100

Range : 4234,5293,300,10
4234,5293,300,10

Range : 3025,3118,400,100
3025,3208,200,10
3225,3118,10,100
3225,3118,200,10

Range : 91,2831,100,10
91,2831,100,10

Range : 1823,1122,300,190
1823,1202,100,10
1923,1202,10,100
1923,1302,100,10
2023,1122,10,190
2023,1122,100,10

Range : 2914,958,100,10
2914,958,100,10

Range : 970,4692,200,10
970,4692,200,10

Range : 4360,2699,100,10
4360,2699,100,10

Range : 4355,5137,100,10
4355,5137,100,10

Range : 2598,3108,300,10
2598,3108,300,10

Range : 2007,4595,100,10
2007,4595,100,10

Range : 894,967,100,10
894,967,100,10

Range : 4453,3119,310,190
4453,3299,100,10
4553,3119,10,190
4553,3119,200,10
4753,3119,10,100

Range : 3318,880,100,10
3318,880,100,10

Range : 2726,789,210,100
2726,879,200,10
2926,789,10,100

Range : 4696,1364,300,10
4696,1364,300,10

Range : 2967,1624,200,10
2967,1624,200,10

Range : 3255,1102,310,280
3255,1372,100,10
3355,1282,10,100
3355,1282,100,10
3455,1102,10,190
3455,1102,100,10
3555,1102,10,100

Range : 434,4921,210,100
434,4921,200,10
634,4921,10,100

Range : 2049,5755,500,110
2049,5755,400,10
2449,5755,10,100
2449,5855,100,10

Range : 1015,2329,110,100
1015,2419,100,10
1115,2329,10,100

Range : 962,2496,100,10
962,2496,100,10

Range : 4354,253,310,200
4354,343,100,10
4454,253,10,100
4454,253,200,10
4654,253,10,200

Range : 4123,4638,200,10
4123,4638,200,10

Range : 3001,2703,200,100
3001,2793,100,10
3101,2703,10,100
3101,2703,100,10

Range : 1736,1668,300,10
1736,1668,300,10

Range : 2233,5741,100,10
2233,5741,100,10

Range : 1677,3329,200,110
1677,3329,100,10
1777,3329,10,100
1777,3429,100,10

Range : 647,3481,200,10
647,3481,200,10

Range : 3756,2022,100,10
3756,2022,100,10

Range : 3089,3682,200,110
3089,3682,100,10
3189,3682,10,100
3189,3782,100,10

Range : 2971,1418,110,100
2971,1508,100,10
3071,1418,10,100

Range : 2238,1775,100,10
2238,1775,100,10

Range : 501,5714,110,100
501,5714,100,10
601,5714,10,100

Range : 3980,3148,100,10
3980,3148,100,10

Range : 779,1680,110,190
779,1860,100,10
879,1680,10,190

Range : 4252,5349,100,10
4252,5349,100,10

Range : 657,4845,100,10
657,4845,100,10

Range : 1539,1825,300,100
1539,1915,200,10
1739,1825,10,100
1739,1825,100,10

Range : 4989,5585,100,10
4989,5585,100,10

Range : 41,2647,110,100
41,2647,100,10
141,2647,10,100

Range : 4038,4002,210,100
4038,4002,200,10
4238,4002,10,100

Range : 2510,5740,100,10
2510,5740,100,10

Range : 2901,2122,200,10
2901,2122,200,10

Range : 282,5687,210,200
282,5687,200,10
482,5687,10,200

Range : 4118,4262,300,280
4118,4532,100,10
4218,4262,10,280
4218,4262,200,10

Range : 5126,5599,100,10
5126,5599,100,10

Range : 58,2203,110,100
58,2293,100,10
158,2203,10,100

Range : 1535,4201,100,10
1535,4201,100,10

Range : 231,2790,200,10
231,2790,200,10

Range : 4823,447,300,110
4823,447,200,10
5023,447,10,100
5023,547,100,10

Range : 3266,1928,200,190
3266,2108,100,10
3366,1928,10,190
3366,1928,100,10

Range : 2199,3675,100,10
2199,3675,100,10

Range : 3833,4519,300,100
3833,4609,100,10
3933,4519,10,100
3933,4519,200,10

Range : 3977,1257,100,10
3977,1257,100,10

Range : 4004,2975,200,110
4004,2975,100,10
4104,2975,10,100
4104,3075,100,10

Range : 2373,1240,110,100
2373,1330,100,10
2473,1240,10,100

Range : 51,1227,200,10
51,1227,200,10

Range : 4700,5735,110,100
4700,5735,100,10
4800,5735,10,100

Range : 575,2184,110,100
575,2184,100,10
675,2184,10,100

Range : 2587,849,300,10
2587,849,300,10

Range : 1352,4463,110,100
1352,4553,100,10
1452,4463,10,100

Range : 3859,4252,300,190
3859,4432,200,10
4059,4252,10,190
4059,4252,100,10

Range : 5119,1087,410,280
5119,1357,100,10
5219,1267,10,100
5219,1267,100,10
5319,1177,10,100
5319,1177,200,10
5519,1087,10,100

Range : 3441,2297,100,10
3441,2297,100,10

Range : 949,3263,100,10
949,3263,100,10

Range : 4448,3352,100,10
4448,3352,100,10

Range : 3908,3360,110,100
3908,3360,100,10
4008,3360,10,100

Range : 998,4801,100,10
998,4801,100,10

Range : 3487,5161,200,100
3487,5251,100,10
3587,5161,10,100
3587,5161,100,10

Range : 839,806,200,10
839,806,200,10

Range : 3110,3883,100,10
3110,3883,100,10

Range : 2514,4940,100,10
2514,4940,100,10

Range : 1661,4546,310,100
1661,4636,100,10
1761,4546,10,100
1761,4546,200,10
1961,4546,10,100

Range : 3311,4908,210,280
3311,5178,100,10
3411,4908,10,280
3411,4908,100,10
3511,4908,10,200

Range : 4665,866,200,110
4665,866,100,10
4765,866,10,100
4765,966,100,10

Range : 4230,1469,100,10
4230,1469,100,10

Range : 2624,4937,200,10
2624,4937,200,10

Range : 499,3481,100,10
499,3481,100,10

Range : 2341,5871,100,10
2341,5871,100,10

Range : 1120,2488,100,10
1120,2488,100,10

Range : 576,2805,110,100
576,2895,100,10
676,2805,10,100

Range : 914,2511,200,10
914,2511,200,10

Range : 2627,5215,200,10
2627,5215,200,10

Range : 4790,3672,110,100
4790,3762,100,10
4890,3672,10,100

Range : 2330,3199,200,10
2330,3199,200,10

Range : 323,2424,300,190
323,2604,200,10
523,2424,10,190
523,2424,100,10

Range : 2818,972,210,100
2818,1062,200,10
3018,972,10,100

Range : 205,5653,100,10
205,5653,100,10

Range : 2192,2015,110,100
2192,2105,100,10
2292,2015,10,100

Range : 1438,1983,100,10
1438,1983,100,10

Range : 143,3460,100,10
143,3460,100,10

Range : 2354,2080,200,10
2354,2080,200,10

Range : 2040,5256,300,110
2040,5256,100,10
2140,5256,10,100
2140,5356,200,10

Range : 3351,5861,210,310
3351,5861,100,10
3451,5861,10,300
3451,6161,100,10
3551,5981,10,190

Range : 4450,4366,100,10
4450,4366,100,10

Range : 795,779,300,10
795,779,300,10

Range : 4837,5577,100,10
4837,5577,100,10

Range : 2317,4621,210,100
2317,4711,200,10
2517,4621,10,100

Range : 1793,5249,200,10
1793,5249,200,10

Range : 4676,4262,210,100
4676,4352,200,10
4876,4262,10,100

Range : 4174,3823,100,10
4174,3823,100,10

Range : 5080,4534,310,100
5080,4624,300,10
5380,4534,10,100

Range : 4513,2922,100,10
4513,2922,100,10

Range : 3891,5631,300,10
3891,5631,300,10

Range : 784,1924,100,10
784,1924,100,10

Range : 2867,1422,200,10
2867,1422,200,10

Range : 4299,2235,100,10
4299,2235,100,10

Range : 204,3321,210,100
204,3321,200,10
404,3321,10,100

Range : 1821,1685,200,210
1821,1685,100,10
1921,1685,10,200
1921,1885,100,10

Range : 2099,2620,100,10
2099,2620,100,10

Range : 3215,1427,100,10
3215,1427,100,10

Range : 37,1399,210,100
37,1399,200,10
237,1399,10,100

Range : 1570,3728,510,100
1570,3818,500,10
2070,3728,10,100

Range : 4668,3337,200,190
4668,3517,100,10
4768,3337,10,190
4768,3337,100,10

Range : 2299,3312,100,10
2299,3312,100,10

Range : 3939,2949,100,10
3939,2949,100,10

Range : 4629,3535,210,200
4629,3535,100,10
4729,3535,10,100
4729,3635,100,10
4829,3635,10,100

Range : 3162,3519,100,10
3162,3519,100,10

Range : 5015,1357,100,10
5015,1357,100,10

Range : 5104,1369,100,10
5104,1369,100,10

Range : 3091,3610,100,10
3091,3610,100,10

Range : 3094,3965,200,10
3094,3965,200,10

Range : 4552,812,200,100
4552,902,100,10
4652,812,10,100
4652,812,100,10

Range : 3805,717,200,210
3805,717,100,10
3905,717,10,200
3905,917,100,10

Range : 629,2039,210,300
629,2039,100,10
729,2039,10,100
729,2139,100,10
829,2139,10,200

Range : 955,935,100,10
955,935,100,10

Range : 3375,3795,100,10
3375,3795,100,10

Range : 2407,3122,300,10
2407,3122,300,10

Range : 849,1109,200,10
849,1109,200,10

Range : 1428,1606,210,100
1428,1606,200,10
1628,1606,10,100

Range : 3769,3407,210,110
3769,3407,100,10
3869,3407,10,100
3869,3507,100,10
3969,3417,10,100

Range : 1594,3842,310,100
1594,3932,300,10
1894,3842,10,100

Range : 479,4802,100,10
479,4802,100,10

Range : 3196,1387,100,10
3196,1387,100,10

Range : 3966,5240,110,200
3966,5240,100,10
4066,5240,10,200

Range : 693,4557,210,100
693,4557,200,10
893,4557,10,100

Range : 2906,1597,100,10
2906,1597,100,10

Range : 3753,5199,100,10
3753,5199,100,10

Range : 4086,5758,100,10
4086,5758,100,10

Range : 5061,4755,200,100
5061,4845,100,10
5161,4755,10,100
5161,4755,100,10

Range : 4355,2248,100,10
4355,2248,100,10

Range : 2564,1756,100,10
2564,1756,100,10

Range : 4391,2386,210,280
4391,2656,100,10
4491,2566,10,100
4491,2566,100,10
4591,2386,10,190

Range : 4497,5158,200,10
4497,5158,200,10

Range : 2123,3967,100,10
2123,3967,100,10

Range : 31,3452,100,10
31,3452,100,10

Range : 4269,5065,200,10
4269,5065,200,10

Range : 1048,4617,200,10
1048,4617,200,10

Range : 4340,2265,100,10
4340,2265,100,10

Range : 4322,5799,410,600
4322,5799,200,10
4522,5799,10,100
4522,5899,100,10
4622,5899,10,200
4622,6099,100,10
4722,6099,10,300

Range : 937,4828,100,10
937,4828,100,10

Range : 1021,5754,400,210
1021,5844,100,10
1121,5754,10,100
1121,5754,100,10
1221,5754,10,200
1221,5954,200,10

Range : 1297,1191,300,190
1297,1371,200,10
1497,1191,10,190
1497,1191,100,10

Range : 1615,5506,100,10
1615,5506,100,10

Range : 4375,5124,400,10
4375,5124,400,10

Range : 4133,4550,400,10
4133,4550,400,10

Range : 3012,1540,100,10
3012,1540,100,10

Range : 793,5507,100,10
793,5507,100,10

Range : 2883,1539,100,10
2883,1539,100,10

Range : 2508,4883,100,10
2508,4883,100,10

Range : 4042,3221,110,100
4042,3221,100,10
4142,3221,10,100

Range : 3553,638,210,100
3553,728,200,10
3753,638,10,100

Range : 2929,4012,200,10
2929,4012,200,10

Range : 922,4896,110,190
922,5076,100,10
1022,4896,10,190

Range : 1050,2915,300,100
1050,3005,100,10
1150,2915,10,100
1150,2915,200,10

Range : 2282,3779,100,10
2282,3779,100,10

Range : 879,3920,100,10
879,3920,100,10

Range : 2595,4345,100,10
2595,4345,100,10

Range : 791,894,100,10
791,894,100,10

Range : 349,4444,200,100
349,4534,100,10
449,4444,10,100
449,4444,100,10

Range : 4160,5147,110,100
4160,5237,100,10
4260,5147,10,100

Range : 4192,5101,100,10
4192,5101,100,10

Range : 3845,3018,200,190
3845,3198,100,10
3945,3018,10,190
3945,3018,100,10

Range : 2026,4548,110,200
2026,4548,100,10
2126,4548,10,200

Range : 3581,2360,100,10
3581,2360,100,10

Range : 126,5832,300,10
126,5832,300,10

Range : 2755,1754,300,10
2755,1754,300,10

Range : 5145,3151,400,370
5145,3511,200,10
5345,3151,10,370
5345,3151,200,10

Range : 3997,4321,110,190
3997,4501,100,10
4097,4321,10,190

Range : 46,5505,410,100
46,5595,200,10
246,5505,10,100
246,5505,200,10
446,5505,10,100

Range : 3762,5153,100,10
3762,5153,100,10

Range : 3194,3818,210,100
3194,3908,200,10
3394,3818,10,100

Range : 909,3291,100,10
909,3291,100,10

Range : 5001,2576,210,300
5001,2576,100,10
5101,2576,10,100
5101,2676,100,10
5201,2676,10,200

Range : 1799,1932,100,10
1799,1932,100,10

Range : 4622,1375,100,10
4622,1375,100,10

Range : 2555,4982,210,190
2555,5162,100,10
2655,4982,10,190
2655,4982,100,10
2755,4982,10,100

Range : 4180,4658,300,10
4180,4658,300,10

Range : 1886,2089,400,10
1886,2089,400,10

Range : 921,5229,300,10
921,5229,300,10

Range : 748,1890,100,10
748,1890,100,10

Range : 4357,5781,100,10
4357,5781,100,10

Range : 3442,2374,100,10
3442,2374,100,10

Range : 1458,4567,200,10
1458,4567,200,10

Range : 34,3397,200,10
34,3397,200,10

Range : 3974,4637,100,10
3974,4637,100,10

Range : 3122,3564,100,10
3122,3564,100,10

Range : 4549,2938,100,10
4549,2938,100,10

Range : 3558,1465,200,10
3558,1465,200,10

Range : 739,4882,100,10
739,4882,100,10

Range : 4484,5765,300,110
4484,5765,200,10
4684,5765,10,100
4684,5865,100,10

Range : 2845,1708,100,10
2845,1708,100,10

Range : 529,3463,110,200
529,3463,100,10
629,3463,10,200

Range : 1909,5584,200,210
1909,5584,100,10
2009,5584,10,200
2009,5784,100,10

Range : 3667,2048,100,10
3667,2048,100,10

Range : 2700,2664,310,100
2700,2754,300,10
3000,2664,10,100

Range : 3994,2930,100,10
3994,2930,100,10

Range : 4155,3807,200,10
4155,3807,200,10

Range : 70,2272,110,100
70,2362,100,10
170,2272,10,100

Range : 360,5131,300,10
360,5131,300,10

Range : 1739,5274,110,100
1739,5364,100,10
1839,5274,10,100

Range : 3374,2337,200,10
3374,2337,200,10

Range : 2936,4023,300,10
2936,4023,300,10

Range : 4420,3309,100,10
4420,3309,100,10

Range : 2608,946,110,100
2608,1036,100,10
2708,946,10,100

Range : 893,3444,200,110
893,3444,100,10
993,3444,10,100
993,3544,100,10

Range : 1958,5517,300,10
1958,5517,300,10

Range : 3263,2202,200,10
3263,2202,200,10

Range : 396,4815,100,10
396,4815,100,10

Range : 521,2949,100,10
521,2949,100,10

Range : 1186,923,100,10
1186,923,100,10

Range : 4043,648,100,10
4043,648,100,10

Range : 1768,3209,600,100
1768,3299,500,10
2268,3209,10,100
2268,3209,100,10

Range : 4219,4241,300,110
4219,4241,200,10
4419,4241,10,100
4419,4341,100,10

Range : 4688,4365,210,100
4688,4365,200,10
4888,4365,10,100

Range : 4192,5121,100,10
4192,5121,100,10

Range : 3281,1598,300,10
3281,1598,300,10

Range : 806,2508,100,10
806,2508,100,10

Range : 2530,1182,110,200
2530,1182,100,10
2630,1182,10,200

Range : 3789,4492,100,10
3789,4492,100,10

Range : 846,3421,100,10
846,3421,100,10

Range : 114,3746,100,10
114,3746,100,10

Range : 3099,3235,100,10
3099,3235,100,10

Range : 44,5623,200,100
44,5713,100,10
144,5623,10,100
144,5623,100,10

Range : 2342,5720,100,10
2342,5720,100,10

Range : 4870,4859,100,10
4870,4859,100,10

Range : 166,5492,100,10
166,5492,100,10

Range : 1949,5529,310,210
1949,5529,100,10
2049,5529,10,100
2049,5629,100,10
2149,5629,10,100
2149,5729,100,10
2249,5549,10,190

Range : 2085,2457,200,10
2085,2457,200,10

Range : 1273,2398,210,100
1273,2488,200,10
1473,2398,10,100

Range : 1386,3408,100,10
1386,3408,100,10

Range : 1383,3439,100,10
1383,3439,100,10

Range : 1088,3024,210,300
1088,3024,100,10
1188,3024,10,100
1188,3124,100,10
1288,3124,10,200

Range : 2591,4258,100,10
2591,4258,100,10

Range : 368,1232,100,10
368,1232,100,10

Range : 4379,5374,100,10
4379,5374,100,10

Range : 5094,4744,100,10
5094,4744,100,10

Range : 4382,5406,100,10
4382,5406,100,10

Range : 4312,1214,110,100
4312,1304,100,10
4412,1214,10,100

Range : 1662,1931,100,10
1662,1931,100,10

Range : 1656,1198,100,10
1656,1198,100,10

Range : 3957,3979,200,10
3957,3979,200,10

Range : 5159,2688,310,280
5159,2958,300,10
5459,2688,10,280

Range : 681,5553,110,100
681,5643,100,10
781,5553,10,100

Range : 427,1130,300,100
427,1220,200,10
627,1130,10,100
627,1130,100,10

Range : 4160,2981,110,190
4160,3161,100,10
4260,2981,10,190

Range : 4262,1137,200,10
4262,1137,200,10

Range : 770,2795,200,190
770,2975,100,10
870,2795,10,190
870,2795,100,10

Range : 2731,1698,100,10
2731,1698,100,10

Range : 3740,2033,100,10
3740,2033,100,10

Range : 2794,3244,200,100
2794,3334,100,10
2894,3244,10,100
2894,3244,100,10

Range : 3531,2206,300,190
3531,2386,200,10
3731,2206,10,190
3731,2206,100,10

Range : 4369,2779,100,10
4369,2779,100,10

Range : 4341,2150,100,10
4341,2150,100,10

Range : 2766,2775,300,10
2766,2775,300,10

Range : 95,3975,100,10
95,3975,100,10

Range : 5096,5686,100,10
5096,5686,100,10

Range : 2169,3781,100,10
2169,3781,100,10

Range : 2054,1440,200,10
2054,1440,200,10

Range : 2844,3562,100,10
2844,3562,100,10

Range : 2555,5713,500,210
2555,5713,200,10
2755,5713,10,100
2755,5813,200,10
2955,5813,10,100
2955,5913,100,10

Range : 4845,5717,300,10
4845,5717,300,10

Range : 3282,5796,100,10
3282,5796,100,10

Range : 2685,1710,100,10
2685,1710,100,10

Range : 1478,4351,110,100
1478,4351,100,10
1578,4351,10,100

Range : 598,4359,310,190
598,4529,100,10
698,4439,10,100
698,4439,100,10
798,4439,10,100
798,4539,100,10
898,4359,10,190

Range : 4622,2826,110,100
4622,2916,100,10
4722,2826,10,100

Range : 4918,3555,100,10
4918,3555,100,10

Range : 4073,3112,410,100
4073,3202,400,10
4473,3112,10,100

Range : 1599,3975,110,200
1599,3975,100,10
1699,3975,10,200

Range : 3443,3835,100,10
3443,3835,100,10

Range : 2439,4064,100,10
2439,4064,100,10

Range : 595,1941,200,10
595,1941,200,10

Range : 799,278,200,110
799,278,100,10
899,278,10,100
899,378,100,10

Range : 3534,4866,100,10
3534,4866,100,10

Range : 4239,5085,300,10
4239,5085,300,10

Range : 2613,807,200,10
2613,807,200,10

Range : 429,5575,300,100
429,5665,200,10
629,5575,10,100
629,5575,100,10

Range : 4418,5306,100,10
4418,5306,100,10

Range : 890,1532,300,100
890,1622,200,10
1090,1532,10,100
1090,1532,100,10

Range : 763,2408,100,10
763,2408,100,10

Range : 3342,1639,100,10
3342,1639,100,10

Range : 30,721,110,100
30,811,100,10
130,721,10,100

Range : 5183,4718,210,300
5183,4718,100,10
5283,4718,10,200
5283,4918,100,10
5383,4918,10,100

Range : 2189,1758,100,10
2189,1758,100,10

Range : 438,4886,100,10
438,4886,100,10

Range : 922,1972,100,10
922,1972,100,10

Range : 2142,5500,100,10
2142,5500,100,10

Range : 160,3874,310,200
160,3964,100,10
260,3874,10,100
260,3874,100,10
360,3874,10,100
360,3974,100,10
460,3974,10,100

Range : 3900,2916,100,10
3900,2916,100,10

Range : 5194,4142,100,10
5194,4142,100,10

Range : 839,4854,110,100
839,4854,100,10
939,4854,10,100

Range : 2638,2766,100,10
2638,2766,100,10

Range : 626,2005,100,10
626,2005,100,10

Range : 3098,5039,100,10
3098,5039,100,10

Range : 3515,1776,110,100
3515,1866,100,10
3615,1776,10,100

Range : 4087,5692,500,100
4087,5782,200,10
4287,5692,10,100
4287,5692,300,10

Range : 1388,4600,100,10
1388,4600,100,10

Range : 1935,1646,100,10
1935,1646,100,10

Range : 139,3481,200,10
139,3481,200,10

Range : 1424,2814,110,100
1424,2904,100,10
1524,2814,10,100

Range : 3835,3244,100,10
3835,3244,100,10

Range : 2604,1891,110,100
2604,1891,100,10
2704,1891,10,100

Range : 2412,3293,110,100
2412,3293,100,10
2512,3293,10,100

Range : 176,5118,200,10
176,5118,200,10

Range : 1135,705,110,190
1135,885,100,10
1235,705,10,190

Range : 5008,5605,100,10
5008,5605,100,10

Range : 683,5756,100,10
683,5756,100,10

Range : 806,877,200,10
806,877,200,10

Range : 2036,1230,210,190
2036,1410,100,10
2136,1320,10,100
2136,1320,100,10
2236,1230,10,100

Range : 43,2612,100,10
43,2612,100,10

Range : 3427,916,110,100
3427,916,100,10
3527,916,10,100

Range : 2961,4795,110,100
2961,4885,100,10
3061,4795,10,100

Range : 947,4155,110,460
947,4605,100,10
1047,4155,10,460

Range : 430,1062,100,10
430,1062,100,10

Range : 452,1499,110,190
452,1679,100,10
552,1499,10,190

Range : 1146,5216,100,10
1146,5216,100,10

Range : 1570,1950,100,10
1570,1950,100,10

Range : 2638,3031,200,10
2638,3031,200,10

Range : 3894,1280,200,10
3894,1280,200,10

Range : 2866,1684,100,10
2866,1684,100,10

Range : 3432,1566,300,10
3432,1566,300,10

Range : 703,2780,100,10
703,2780,100,10

Range : 893,4908,210,190
893,5088,200,10
1093,4908,10,190

Range : 4154,1113,100,10
4154,1113,100,10

Range : 1892,2099,210,100
1892,2099,200,10
2092,2099,10,100

Range : 830,2388,100,10
830,2388,100,10

Range : 4844,1570,100,10
4844,1570,100,10

Range : 2247,3742,100,10
2247,3742,100,10

Range : 4377,1793,200,100
4377,1883,100,10
4477,1793,10,100
4477,1793,100,10

Range : 3336,5824,300,10
3336,5824,300,10

Range : 5033,1385,100,10
5033,1385,100,10

Range : 637,2836,200,100
637,2926,100,10
737,2836,10,100
737,2836,100,10

Range : 1022,5215,100,10
1022,5215,100,10

Range : 1465,2888,200,100
1465,2978,100,10
1565,2888,10,100
1565,2888,100,10

Range : 1502,5374,210,100
1502,5464,200,10
1702,5374,10,100

Range : 673,5688,200,10
673,5688,200,10

Range : 3285,5737,100,10
3285,5737,100,10

Range : 820,3336,100,10
820,3336,100,10

Range : 4315,2114,100,10
4315,2114,100,10

Range : 2896,1584,100,10
2896,1584,100,10

Range : 1602,5478,100,10
1602,5478,100,10

Range : 4423,5235,100,10
4423,5235,100,10

Range : 3094,3920,400,10
3094,3920,400,10

Range : 315,2825,100,10
315,2825,100,10

Range : 2485,11,210,280
2485,281,100,10
2585,11,10,280
2585,11,100,10
2685,11,10,200

Range : 775,5314,110,100
775,5314,100,10
875,5314,10,100

Range : 2338,5499,110,100
2338,5499,100,10
2438,5499,10,100

Range : 4349,2761,100,10
4349,2761,100,10

Range : 138,5158,100,10
138,5158,100,10

Range : 3697,1692,210,100
3697,1782,200,10
3897,1692,10,100

Range : 4116,1177,200,100
4116,1267,100,10
4216,1177,10,100
4216,1177,100,10

Range : 3121,4203,100,10
3121,4203,100,10

Range : 1809,5385,110,100
1809,5385,100,10
1909,5385,10,100

Range : 4846,5049,200,10
4846,5049,200,10

Range : 809,914,100,10
809,914,100,10

Range : 355,4875,100,10
355,4875,100,10

Range : 4311,5149,100,10
4311,5149,100,10

Range : 4827,5669,200,10
4827,5669,200,10

Range : 3178,3672,210,100
3178,3672,200,10
3378,3672,10,100

Range : 2863,1722,100,10
2863,1722,100,10

Range : 3829,1270,100,10
3829,1270,100,10

Range : 1057,914,100,10
1057,914,100,10

Range : 1085,2264,200,10
1085,2264,200,10

Range : 1877,2176,200,100
1877,2266,100,10
1977,2176,10,100
1977,2176,100,10

Range : 4332,938,400,190
4332,1118,200,10
4532,938,10,190
4532,938,200,10

Range : 3110,1439,100,10
3110,1439,100,10

Range : 938,5280,200,110
938,5280,100,10
1038,5280,10,100
1038,5380,100,10

Range : 633,1913,200,10
633,1913,200,10

Range : 1771,4421,100,10
1771,4421,100,10

Range : 2256,3826,100,10
2256,3826,100,10

Range : 915,907,100,10
915,907,100,10

Range : 3606,1488,100,10
3606,1488,100,10

Range : 4436,5362,100,10
4436,5362,100,10

Range : 3780,3749,310,200
3780,3839,100,10
3880,3749,10,100
3880,3749,100,10
3980,3749,10,100
3980,3849,100,10
4080,3849,10,100

Range : 1224,5603,200,100
1224,5693,100,10
1324,5603,10,100
1324,5603,100,10

Range : 4589,3063,200,10
4589,3063,200,10

Range : 2067,1690,100,10
2067,1690,100,10

Range : 880,3353,100,10
880,3353,100,10

Range : 3798,4476,100,10
3798,4476,100,10

Range : 3448,3067,100,10
3448,3067,100,10

Range : 3409,5277,300,110
3409,5277,200,10
3609,5277,10,100
3609,5377,100,10

Range : 2793,3573,210,110
2793,3573,100,10
2893,3573,10,100
2893,3673,100,10
2993,3583,10,100

Range : 3474,4198,210,190
3474,4378,100,10
3574,4288,10,100
3574,4288,100,10
3674,4198,10,100

Range : 1897,5860,100,10
1897,5860,100,10

Range : 3168,3945,200,10
3168,3945,200,10

Range : 814,3031,210,200
814,3031,200,10
1014,3031,10,200

Range : 3043,5028,100,10
3043,5028,100,10

Range : 2270,5702,100,10
2270,5702,100,10

Range : 3241,2914,100,10
3241,2914,100,10

Range : 3528,4990,100,10
3528,4990,100,10

Range : 2815,4002,300,10
2815,4002,300,10

Range : 940,3708,100,10
940,3708,100,10

Range : 3417,2347,100,10
3417,2347,100,10

Range : 3074,3222,310,100
3074,3312,200,10
3274,3222,10,100
3274,3222,100,10
3374,3222,10,100

Range : 3868,5701,100,10
3868,5701,100,10

Range : 4176,1552,100,10
4176,1552,100,10

Range : 1944,2285,100,10
1944,2285,100,10

Range : 3033,1638,100,10
3033,1638,100,10

Range : 4876,1459,110,100
4876,1549,100,10
4976,1459,10,100

Range : 2350,2097,110,100
2350,2097,100,10
2450,2097,10,100

Range : 281,3723,100,10
281,3723,100,10

Range : 1094,2021,110,190
1094,2201,100,10
1194,2021,10,190

Range : 3724,4965,100,10
3724,4965,100,10

Range : 1950,5464,300,10
1950,5464,300,10

Range : 375,4856,100,10
375,4856,100,10

Range : 1445,1526,200,10
1445,1526,200,10

Range : 2923,943,200,10
2923,943,200,10

Range : 158,3728,100,10
158,3728,100,10

Range : 3462,4388,200,10
3462,4388,200,10

Range : 1698,4244,310,210
1698,4244,100,10
1798,4244,10,100
1798,4344,100,10
1898,4254,10,100
1898,4254,100,10
1998,4254,10,200

Range : 3807,4466,200,10
3807,4466,200,10

Range : 2238,1885,200,10
2238,1885,200,10

Range : 1738,5508,100,10
1738,5508,100,10

Range : 4992,5595,100,10
4992,5595,100,10

Range : 3224,1570,100,10
3224,1570,100,10

Range : 1249,5483,110,100
1249,5483,100,10
1349,5483,10,100

Range : 330,4564,300,10
330,4564,300,10

Range : 2473,4963,100,10
2473,4963,100,10

Range : 2372,3166,200,10
2372,3166,200,10

Range : 2160,3769,200,10
2160,3769,200,10

Range : 4029,4828,200,370
4029,5188,100,10
4129,4828,10,370
4129,4828,100,10

Range : 3049,2370,110,100
3049,2460,100,10
3149,2370,10,100

Range : 4302,2279,200,10
4302,2279,200,10

Range : 2186,3696,100,10
2186,3696,100,10

Range : 811,3935,200,10
811,3935,200,10

Range : 4818,3811,100,10
4818,3811,100,10

Range : 1486,3068,300,370
1486,3428,100,10
1586,3158,10,280
1586,3158,100,10
1686,3068,10,100
1686,3068,100,10

Range : 5133,1890,110,100
5133,1890,100,10
5233,1890,10,100

Range : 914,3765,100,10
914,3765,100,10

Range : 4259,3684,100,10
4259,3684,100,10

Range : 4229,1453,100,10
4229,1453,100,10

Range : 336,4885,100,10
336,4885,100,10

Range : 375,4148,110,280
375,4418,100,10
475,4148,10,280

Range : 56,1246,100,10
56,1246,100,10

Range : 10,3342,310,100
10,3342,300,10
310,3342,10,100

Range : 1216,2683,210,190
1216,2863,100,10
1316,2773,10,100
1316,2773,100,10
1416,2683,10,100

Range : 132,5416,100,10
132,5416,100,10

Range : 3182,3933,100,10
3182,3933,100,10

Range : 3555,3834,100,10
3555,3834,100,10

Range : 1836,5526,100,10
1836,5526,100,10

Range : 3048,3551,200,10
3048,3551,200,10

Range : 4505,3481,100,10
4505,3481,100,10

Range : 954,4881,100,10
954,4881,100,10

Range : 970,1954,200,10
970,1954,200,10

Range : 3102,5115,300,210
3102,5115,100,10
3202,5115,10,200
3202,5315,200,10

Range : 4777,4073,100,10
4777,4073,100,10

Range : 2920,310,100,10
2920,310,100,10

Range : 3226,1631,100,10
3226,1631,100,10

Range : 4192,1539,100,10
4192,1539,100,10

Range : 36,1189,100,10
36,1189,100,10

Range : 585,4869,100,10
585,4869,100,10

Range : 76,5605,100,10
76,5605,100,10

Range : 417,1612,300,100
417,1702,200,10
617,1612,10,100
617,1612,100,10

Range : 653,2512,100,10
653,2512,100,10

Range : 1081,2456,100,10
1081,2456,100,10

Range : 1645,4197,200,10
1645,4197,200,10

Range : 31,3474,100,10
31,3474,100,10

Range : 3215,2702,310,100
3215,2792,300,10
3515,2702,10,100

Range : 4972,1317,200,10
4972,1317,200,10

Range : 889,5451,100,10
889,5451,100,10

Range : 266,5421,200,10
266,5421,200,10

Range : 1446,1944,100,10
1446,1944,100,10

Range : 3868,1252,100,10
3868,1252,100,10

Range : 745,2526,100,10
745,2526,100,10

Range : 2016,4522,100,10
2016,4522,100,10

Range : 1923,2901,210,100
1923,2901,200,10
2123,2901,10,100

Range : 2591,1046,300,10
2591,1046,300,10

Range : 5194,3553,310,210
5194,3553,200,10
5394,3553,10,200
5394,3753,100,10
5494,3663,10,100

Range : 3364,903,100,10
3364,903,100,10

Range : 4067,5821,100,10
4067,5821,100,10

Range : 539,1157,200,100
539,1247,100,10
639,1157,10,100
639,1157,100,10

Range : 4870,1297,100,10
4870,1297,100,10

Range : 4412,2566,300,190
4412,2746,200,10
4612,2566,10,190
4612,2566,100,10

Range : 451,5074,100,10
451,5074,100,10

Range : 3284,5765,100,10
3284,5765,100,10

Range : 1680,1957,100,10
1680,1957,100,10

Range : 631,1951,200,10
631,1951,200,10

Range : 1056,5461,100,10
1056,5461,100,10

Range : 3298,5715,100,10
3298,5715,100,10

Range : 404,5388,110,100
404,5388,100,10
504,5388,10,100

Range : 3908,1319,100,10
3908,1319,100,10

Range : 4506,3078,100,10
4506,3078,100,10

Range : 1870,5344,100,10
1870,5344,100,10

Range : 4715,5167,100,10
4715,5167,100,10

Range : 3133,3581,100,10
3133,3581,100,10

Range : 236,5102,100,10
236,5102,100,10

Range : 1084,5193,100,10
1084,5193,100,10

Range : 439,4830,100,10
439,4830,100,10

Range : 1445,1540,100,10
1445,1540,100,10

Range : 1914,2058,200,10
1914,2058,200,10

Range : 22,2688,110,100
22,2778,100,10
122,2688,10,100

Range : 901,3197,310,190
901,3377,200,10
1101,3287,10,100
1101,3287,100,10
1201,3197,10,100

Range : 25,5107,200,10
25,5107,200,10

Range : 4176,1290,100,10
4176,1290,100,10

Range : 435,5057,400,100
435,5147,300,10
735,5057,10,100
735,5057,100,10

Range : 868,3400,100,10
868,3400,100,10

Range : 3928,3993,100,10
3928,3993,100,10

Range : 4800,3853,100,10
4800,3853,100,10

Range : 3278,4200,100,10
3278,4200,100,10

Range : 1717,3576,100,10
1717,3576,100,10

Range : 4844,1348,100,10
4844,1348,100,10

Range : 4262,715,210,110
4262,715,100,10
4362,715,10,100
4362,815,100,10
4462,725,10,100

Range : 2273,5465,100,10
2273,5465,100,10

Range : 2691,1765,100,10
2691,1765,100,10

Range : 2827,5578,400,10
2827,5578,400,10

Range : 2370,1764,100,10
2370,1764,100,10

Range : 1063,4468,200,110
1063,4468,100,10
1163,4468,10,100
1163,4568,100,10

Range : 1672,1728,100,10
1672,1728,100,10

Range : 1400,5477,100,10
1400,5477,100,10

Range : 2372,3077,100,10
2372,3077,100,10

Range : 2144,3802,100,10
2144,3802,100,10

Range : 724,1965,100,10
724,1965,100,10

Range : 779,5483,100,10
779,5483,100,10

Range : 4342,1323,100,10
4342,1323,100,10

Range : 5134,5709,110,190
5134,5889,100,10
5234,5709,10,190

Range : 4424,5342,210,190
4424,5422,100,10
4524,5422,10,100
4524,5522,100,10
4624,5342,10,190

Range : 2918,1572,100,10
2918,1572,100,10

Range : 213,5144,210,100
213,5144,200,10
413,5144,10,100

Range : 4154,4608,100,10
4154,4608,100,10

Range : 2563,4903,100,10
2563,4903,100,10

Range : 828,1991,100,10
828,1991,100,10

Range : 3430,1881,100,10
3430,1881,100,10

Range : 612,5503,100,10
612,5503,100,10

