Range : 1013,2927,300,280
1013,3197,100,10
1113,2927,10,280
1113,2927,100,10
1213,2927,10,100
1213,3027,100,10

Range : 310,3064,500,210
310,3064,200,10
510,3064,10,200
510,3264,200,10
710,3174,10,100
710,3174,100,10

Range : 4858,3518,410,300
4858,3518,200,10
5058,3518,10,100
5058,3618,100,10
5158,3618,10,100
5158,3718,100,10
5258,3718,10,100

Range : 4957,622,410,400
4957,622,100,10
5057,622,10,200
5057,822,300,10
5357,822,10,200

Range : 4286,2544,110,730
4286,3264,100,10
4386,2544,10,730

Range : 520,1295,510,210
520,1475,300,10
820,1295,10,190
820,1295,100,10
920,1295,10,200
920,1495,100,10
1020,1405,10,100

Range : 4091,439,300,310
4091,439,100,10
4191,439,10,200
4191,639,100,10
4291,639,10,100
4291,739,100,10

Range : 3633,788,700,190
3633,868,100,10
3733,868,10,100
3733,968,300,10
4033,878,10,100
4033,878,200,10
4233,788,10,100
4233,788,100,10

Range : 2297,1784,410,200
2297,1964,100,10
2397,1784,10,190
2397,1784,300,10
2697,1784,10,200

Range : 2033,256,300,280
2033,526,200,10
2233,256,10,280
2233,256,100,10

Range : 4713,1941,310,210
4713,1941,200,10
4913,1941,10,200
4913,2141,100,10
5013,2051,10,100

Range : 1271,2442,400,280
1271,2712,200,10
1471,2622,10,100
1471,2622,100,10
1571,2442,10,190
1571,2442,100,10

Range : 1732,752,400,310
1732,752,100,10
1832,752,10,100
1832,852,200,10
2032,852,10,200
2032,1052,100,10

Range : 2225,3606,410,370
2225,3766,100,10
2325,3766,10,200
2325,3966,200,10
2525,3786,10,190
2525,3786,100,10
2625,3606,10,190

Range : 3793,521,200,410
3793,521,100,10
3893,521,10,400
3893,921,100,10

Range : 553,2811,600,110
553,2811,300,10
853,2811,10,100
853,2911,300,10

Range : 1546,1683,410,550
1546,2223,200,10
1746,1953,10,280
1746,1953,200,10
1946,1683,10,280

Range : 3490,859,110,280
3490,1129,100,10
3590,859,10,280

Range : 3725,239,310,190
3725,419,100,10
3825,239,10,190
3825,239,200,10
4025,239,10,100

Range : 1978,4006,310,300
1978,4006,100,10
2078,4006,10,200
2078,4206,200,10
2278,4206,10,100

Range : 1725,5337,410,410
1725,5337,100,10
1825,5337,10,100
1825,5437,100,10
1925,5437,10,200
1925,5637,100,10
2025,5637,10,100
2025,5737,100,10
2125,5647,10,100

Range : 553,5318,210,400
553,5318,200,10
753,5318,10,400

Range : 2535,1800,210,460
2535,2250,100,10
2635,2160,10,100
2635,2160,100,10
2735,1800,10,370

Range : 1369,3676,410,210
1369,3766,100,10
1469,3676,10,100
1469,3676,200,10
1669,3676,10,200
1669,3876,100,10
1769,3786,10,100

Range : 1101,1187,400,410
1101,1187,200,10
1301,1187,10,100
1301,1287,100,10
1401,1287,10,300
1401,1587,100,10

Range : 3648,4976,500,310
3648,4976,200,10
3848,4976,10,100
3848,5076,200,10
4048,5076,10,200
4048,5276,100,10

Range : 1838,2986,400,210
1838,2986,200,10
2038,2986,10,200
2038,3186,100,10
2138,3096,10,100
2138,3096,100,10

Range : 1025,4764,400,280
1025,4834,100,10
1125,4834,10,200
1125,5034,100,10
1225,4854,10,190
1225,4854,100,10
1325,4764,10,100
1325,4764,100,10

Range : 4847,1264,510,410
4847,1264,100,10
4947,1264,10,100
4947,1364,200,10
5147,1364,10,300
5147,1664,200,10
5347,1574,10,100

Range : 150,645,510,190
150,725,200,10
350,725,10,100
350,825,100,10
450,735,10,100
450,735,100,10
550,645,10,100
550,645,100,10
650,645,10,100

Range : 1492,915,400,210
1492,1005,100,10
1592,915,10,100
1592,915,100,10
1692,915,10,200
1692,1115,200,10

Range : 3330,3094,600,110
3330,3184,100,10
3430,3094,10,100
3430,3094,100,10
3530,3094,10,100
3530,3194,300,10
3830,3104,10,100
3830,3104,100,10

Range : 3967,3212,400,190
3967,3292,100,10
4067,3292,10,100
4067,3392,200,10
4267,3212,10,190
4267,3212,100,10

Range : 1045,5225,500,280
1045,5295,100,10
1145,5295,10,200
1145,5495,100,10
1245,5405,10,100
1245,5405,200,10
1445,5225,10,190
1445,5225,100,10

Range : 2090,4682,600,410
2090,4682,100,10
2190,4682,10,100
2190,4782,100,10
2290,4782,10,100
2290,4882,200,10
2490,4882,10,100
2490,4982,100,10
2590,4982,10,100
2590,5082,100,10

Range : 243,4786,310,310
243,4786,100,10
343,4786,10,300
343,5086,200,10
543,4996,10,100

Range : 3200,1889,700,190
3200,2069,100,10
3300,1889,10,190
3300,1889,600,10

Range : 404,4553,500,310
404,4553,300,10
704,4553,10,300
704,4853,200,10

Range : 4950,5408,310,280
4950,5678,100,10
5050,5588,10,100
5050,5588,200,10
5250,5408,10,190

Range : 1383,383,210,410
1383,383,100,10
1483,383,10,400
1483,783,100,10
1583,693,10,100

Range : 3806,2669,510,190
3806,2849,100,10
3906,2759,10,100
3906,2759,100,10
4006,2669,10,100
4006,2669,300,10
4306,2669,10,100

Range : 2122,1312,310,400
2122,1492,200,10
2322,1312,10,190
2322,1312,100,10
2422,1312,10,400

Range : 1000,2014,610,280
1000,2284,100,10
1100,2104,10,190
1100,2104,500,10
1600,2014,10,100

Range : 5141,2126,610,200
5141,2126,500,10
5641,2126,10,100
5641,2226,100,10
5741,2226,10,100

Range : 2426,2709,400,190
2426,2889,100,10
2526,2709,10,190
2526,2709,300,10

Range : 3621,3034,200,10
3621,3034,200,10

Range : 4243,1828,300,310
4243,1828,100,10
4343,1828,10,300
4343,2128,100,10
4443,1858,10,280
4443,1858,100,10

Range : 3611,39,300,550
3611,579,100,10
3711,39,10,550
3711,39,200,10

Range : 2981,536,410,510
2981,536,100,10
3081,536,10,100
3081,636,200,10
3281,636,10,400
3281,1036,100,10
3381,946,10,100

Range : 2133,1982,310,550
2133,2522,100,10
2233,2252,10,280
2233,2252,100,10
2333,1982,10,280
2333,1982,100,10
2433,1982,10,100

Range : 1638,4641,500,280
1638,4811,100,10
1738,4811,10,100
1738,4911,200,10
1938,4731,10,190
1938,4731,100,10
2038,4641,10,100
2038,4641,100,10

Range : 2684,1234,410,410
2684,1234,100,10
2784,1234,10,400
2784,1634,200,10
2984,1544,10,100
2984,1544,100,10
3084,1454,10,100

Range : 245,4624,210,100
245,4714,200,10
445,4624,10,100

Range : 4929,3953,410,210
4929,4133,100,10
5029,4043,10,100
5029,4043,100,10
5129,3953,10,100
5129,3953,100,10
5229,3953,10,200
5229,4153,100,10
5329,4063,10,100

Range : 3611,554,210,190
3611,734,200,10
3811,554,10,190

Range : 5191,5141,500,210
5191,5141,200,10
5391,5141,10,100
5391,5241,100,10
5491,5241,10,100
5491,5341,100,10
5591,5251,10,100
5591,5251,100,10

Range : 4406,920,810,110
4406,920,600,10
5006,920,10,100
5006,1020,200,10
5206,930,10,100

Range : 4521,4276,210,300
4521,4546,100,10
4621,4276,10,280
4621,4276,100,10
4721,4276,10,300

Range : 4545,1985,310,280
4545,2055,200,10
4745,2055,10,200
4745,2255,100,10
4845,1985,10,280

Range : 5127,4167,400,310
5127,4437,200,10
5327,4167,10,280
5327,4167,100,10
5427,4167,10,300
5427,4467,100,10

Range : 2463,2788,210,190
2463,2968,200,10
2663,2788,10,190

Range : 2461,4499,310,700
2461,4499,200,10
2661,4499,10,400
2661,4899,100,10
2761,4899,10,300

Range : 4595,1484,310,280
4595,1754,200,10
4795,1484,10,280
4795,1484,100,10
4895,1484,10,100

Range : 4455,4758,300,310
4455,4938,100,10
4555,4758,10,190
4555,4758,100,10
4655,4758,10,300
4655,5058,100,10

Range : 688,4140,500,110
688,4230,200,10
888,4140,10,100
888,4140,200,10
1088,4140,10,100
1088,4240,100,10

Range : 4360,3873,410,210
4360,3873,100,10
4460,3873,10,200
4460,4073,100,10
4560,3983,10,100
4560,3983,200,10
4760,3893,10,100

Range : 903,346,310,210
903,346,200,10
1103,346,10,200
1103,546,100,10
1203,456,10,100

Range : 1784,2711,410,300
1784,2801,100,10
1884,2711,10,100
1884,2711,100,10
1984,2711,10,200
1984,2911,200,10
2184,2911,10,100

Range : 1355,4135,310,220
1355,4135,100,10
1455,4135,10,200
1455,4335,100,10
1555,4155,10,190
1555,4155,100,10
1655,4155,10,200

Range : 4383,1305,500,280
4383,1475,100,10
4483,1475,10,100
4483,1575,100,10
4583,1395,10,190
4583,1395,200,10
4783,1305,10,100
4783,1305,100,10

Range : 3129,4962,510,500
3129,4962,200,10
3329,4962,10,200
3329,5162,100,10
3429,5162,10,100
3429,5262,200,10
3629,5262,10,200

Range : 1297,2775,500,210
1297,2775,200,10
1497,2775,10,200
1497,2975,300,10

Range : 86,456,610,300
86,456,200,10
286,456,10,100
286,556,400,10
686,556,10,200

Range : 3429,569,200,210
3429,569,100,10
3529,569,10,200
3529,769,100,10

Range : 996,3237,410,370
996,3597,200,10
1196,3327,10,280
1196,3327,100,10
1296,3237,10,100
1296,3237,100,10
1396,3237,10,100

Range : 1924,5015,400,110
1924,5015,100,10
2024,5015,10,100
2024,5115,100,10
2124,5025,10,100
2124,5025,200,10

Range : 2775,4006,500,280
2775,4276,100,10
2875,4006,10,280
2875,4006,400,10

Range : 3423,4261,400,510
3423,4261,200,10
3623,4261,10,200
3623,4461,100,10
3723,4461,10,300
3723,4761,100,10

Range : 165,2176,500,120
165,2176,100,10
265,2176,10,100
265,2276,100,10
365,2186,10,100
365,2186,200,10
565,2186,10,100
565,2286,100,10

Range : 3800,3692,600,110
3800,3782,100,10
3900,3692,10,100
3900,3692,200,10
4100,3692,10,100
4100,3792,200,10
4300,3702,10,100
4300,3702,100,10

Range : 814,4879,110,460
814,5329,100,10
914,4879,10,460

Range : 264,5153,110,100
264,5243,100,10
364,5153,10,100

Range : 4557,2305,600,190
4557,2485,100,10
4657,2305,10,190
4657,2305,500,10

Range : 896,5292,110,100
896,5382,100,10
996,5292,10,100

Range : 2802,1676,410,460
2802,2026,100,10
2902,2026,10,100
2902,2126,200,10
3102,1766,10,370
3102,1766,100,10
3202,1676,10,100

Range : 1925,4548,610,210
1925,4548,500,10
2425,4548,10,200
2425,4748,100,10
2525,4568,10,190

Range : 4723,2634,110,600
4723,2634,100,10
4823,2634,10,600

Range : 2081,1961,210,110
2081,1961,100,10
2181,1961,10,100
2181,2061,100,10
2281,1971,10,100

Range : 2965,5061,200,100
2965,5151,100,10
3065,5061,10,100
3065,5061,100,10

Range : 4248,4138,210,200
4248,4318,100,10
4348,4138,10,190
4348,4138,100,10
4448,4138,10,200

Range : 112,1389,400,110
112,1479,100,10
212,1389,10,100
212,1389,100,10
312,1389,10,100
312,1489,100,10
412,1399,10,100
412,1399,100,10

Range : 4663,4624,300,210
4663,4714,100,10
4763,4624,10,100
4763,4624,100,10
4863,4624,10,200
4863,4824,100,10

Range : 864,875,410,280
864,1145,100,10
964,1055,10,100
964,1055,100,10
1064,875,10,190
1064,875,200,10
1264,875,10,200

Range : 3100,2237,500,210
3100,2237,100,10
3200,2237,10,200
3200,2437,200,10
3400,2257,10,190
3400,2257,100,10
3500,2257,10,100
3500,2357,100,10

Range : 2772,1081,210,500
2772,1171,100,10
2872,1081,10,100
2872,1081,100,10
2972,1081,10,500

Range : 2056,3624,510,100
2056,3714,500,10
2556,3624,10,100

Range : 2172,5329,510,210
2172,5329,200,10
2372,5329,10,100
2372,5429,200,10
2572,5429,10,100
2572,5529,100,10
2672,5439,10,100

Range : 324,4383,310,100
324,4473,100,10
424,4383,10,100
424,4383,200,10
624,4383,10,100

Range : 4035,2985,300,100
4035,3075,200,10
4235,2985,10,100
4235,2985,100,10

Range : 2410,5287,410,400
2410,5287,200,10
2610,5287,10,100
2610,5387,200,10
2810,5387,10,300

Range : 2483,752,200,460
2483,1202,100,10
2583,752,10,460
2583,752,100,10

Range : 4426,3125,410,500
4426,3125,100,10
4526,3125,10,100
4526,3225,200,10
4726,3225,10,200
4726,3425,100,10
4826,3425,10,200

Range : 632,255,210,100
632,255,200,10
832,255,10,100

Range : 861,3214,310,370
861,3474,100,10
961,3474,10,100
961,3574,200,10
1161,3214,10,370

Range : 5028,4812,400,110
5028,4902,100,10
5128,4812,10,100
5128,4812,200,10
5328,4812,10,100
5328,4912,100,10

Range : 742,1489,110,370
742,1849,100,10
842,1489,10,370

Range : 3377,2270,110,190
3377,2450,100,10
3477,2270,10,190

Range : 1232,4224,200,100
1232,4314,100,10
1332,4224,10,100
1332,4224,100,10

Range : 4174,1523,300,110
4174,1523,100,10
4274,1523,10,100
4274,1623,100,10
4374,1533,10,100
4374,1533,100,10

Range : 3026,2830,310,640
3026,3460,100,10
3126,3190,10,280
3126,3190,100,10
3226,3100,10,100
3226,3100,100,10
3326,2830,10,280

Range : 4884,2837,400,310
4884,2837,200,10
5084,2837,10,300
5084,3137,100,10
5184,2867,10,280
5184,2867,100,10

Range : 3683,3601,300,10
3683,3601,300,10

Range : 3864,4655,500,210
3864,4655,100,10
3964,4655,10,100
3964,4755,100,10
4064,4755,10,100
4064,4855,300,10

Range : 3307,5834,310,210
3307,5834,200,10
3507,5834,10,200
3507,6034,100,10
3607,5944,10,100

Range : 5122,932,400,280
5122,1202,300,10
5422,932,10,280
5422,932,100,10

Range : 369,1278,200,110
369,1278,100,10
469,1278,10,100
469,1378,100,10

Range : 2054,2589,410,200
2054,2589,400,10
2454,2589,10,200

Range : 571,4485,100,10
571,4485,100,10

Range : 42,2486,310,200
42,2576,100,10
142,2486,10,100
142,2486,100,10
242,2486,10,100
242,2586,100,10
342,2586,10,100

Range : 676,3956,200,210
676,3956,100,10
776,3956,10,200
776,4156,100,10

Range : 3798,1026,300,610
3798,1026,100,10
3898,1026,10,100
3898,1126,100,10
3998,1126,10,500
3998,1626,100,10

Range : 4936,122,310,370
4936,372,100,10
5036,282,10,100
5036,282,100,10
5136,282,10,200
5136,482,100,10
5236,122,10,370

Range : 3619,2452,200,370
3619,2812,100,10
3719,2452,10,370
3719,2452,100,10

Range : 4738,4556,210,200
4738,4556,200,10
4938,4556,10,200

Range : 3497,1983,310,200
3497,2163,100,10
3597,2073,10,100
3597,2073,100,10
3697,1983,10,100
3697,1983,100,10
3797,1983,10,200

Range : 2022,1022,310,370
2022,1382,100,10
2122,1112,10,280
2122,1112,100,10
2222,1022,10,100
2222,1022,100,10
2322,1022,10,100

Range : 4978,3156,100,10
4978,3156,100,10

Range : 4857,2552,210,200
4857,2552,100,10
4957,2552,10,100
4957,2652,100,10
5057,2652,10,100

Range : 4209,2314,310,200
4209,2494,100,10
4309,2404,10,100
4309,2404,100,10
4409,2314,10,100
4409,2314,100,10
4509,2314,10,200

Range : 1446,5115,600,110
1446,5115,200,10
1646,5115,10,100
1646,5215,100,10
1746,5125,10,100
1746,5125,300,10

Range : 902,4000,600,110
902,4000,200,10
1102,4000,10,100
1102,4100,200,10
1302,4010,10,100
1302,4010,200,10

Range : 826,478,210,190
826,658,100,10
926,568,10,100
926,568,100,10
1026,478,10,100

Range : 3431,1327,500,410
3431,1327,100,10
3531,1327,10,100
3531,1427,100,10
3631,1427,10,100
3631,1527,200,10
3831,1527,10,200
3831,1727,100,10

Range : 2406,4036,100,10
2406,4036,100,10

Range : 4989,5165,600,310
4989,5165,100,10
5089,5165,10,200
5089,5365,200,10
5289,5365,10,100
5289,5465,200,10
5489,5375,10,100
5489,5375,100,10

Range : 183,1579,210,280
183,1849,100,10
283,1759,10,100
283,1759,100,10
383,1579,10,190

Range : 4861,4270,400,210
4861,4360,100,10
4961,4270,10,100
4961,4270,100,10
5061,4270,10,200
5061,4470,200,10

Range : 290,2041,310,200
290,2041,200,10
490,2041,10,100
490,2141,100,10
590,2141,10,100

Range : 4120,5654,310,400
4120,5744,100,10
4220,5654,10,100
4220,5654,200,10
4420,5654,10,400

Range : 92,4646,200,110
92,4646,100,10
192,4646,10,100
192,4746,100,10

Range : 3516,3833,310,190
3516,3913,100,10
3616,3913,10,100
3616,4013,200,10
3816,3833,10,190

Range : 4059,1635,310,190
4059,1815,100,10
4159,1725,10,100
4159,1725,200,10
4359,1635,10,100

Range : 690,4924,210,110
690,4924,100,10
790,4924,10,100
790,5024,100,10
890,4934,10,100

Range : 1742,4014,400,510
1742,4014,100,10
1842,4014,10,200
1842,4214,200,10
2042,4214,10,300
2042,4514,100,10

Range : 1704,588,600,100
1704,678,100,10
1804,588,10,100
1804,588,500,10

Range : 2498,1265,200,280
2498,1535,100,10
2598,1265,10,280
2598,1265,100,10

Range : 3547,4721,110,100
3547,4811,100,10
3647,4721,10,100

Range : 997,5505,310,200
997,5595,200,10
1197,5505,10,100
1197,5505,100,10
1297,5505,10,200

Range : 2705,2408,410,280
2705,2678,200,10
2905,2498,10,190
2905,2498,100,10
3005,2408,10,100
3005,2408,100,10
3105,2408,10,100

Range : 4663,3844,100,10
4663,3844,100,10

Range : 4898,3229,410,280
4898,3499,100,10
4998,3319,10,190
4998,3319,200,10
5198,3229,10,100
5198,3229,100,10
5298,3229,10,100

Range : 1094,4337,310,400
1094,4337,100,10
1194,4337,10,200
1194,4537,100,10
1294,4537,10,100
1294,4637,100,10
1394,4637,10,100

Range : 4460,4165,110,300
4460,4165,100,10
4560,4165,10,300

Range : 3672,2893,200,10
3672,2893,200,10

Range : 2684,4332,210,400
2684,4332,100,10
2784,4332,10,100
2784,4432,100,10
2884,4432,10,300

Range : 2993,2732,300,210
2993,2732,100,10
3093,2732,10,200
3093,2932,200,10

Range : 1979,2129,300,100
1979,2219,100,10
2079,2129,10,100
2079,2129,200,10

Range : 1590,5278,600,110
1590,5278,400,10
1990,5278,10,100
1990,5378,100,10
2090,5288,10,100
2090,5288,100,10

Range : 4172,5319,700,210
4172,5319,400,10
4572,5319,10,100
4572,5419,100,10
4672,5419,10,100
4672,5519,100,10
4772,5429,10,100
4772,5429,100,10

Range : 4197,5137,110,100
4197,5137,100,10
4297,5137,10,100

Range : 1383,2747,100,10
1383,2747,100,10

Range : 991,864,600,110
991,864,300,10
1291,864,10,100
1291,964,200,10
1491,874,10,100
1491,874,100,10

Range : 583,800,110,100
583,890,100,10
683,800,10,100

Range : 2997,5359,500,110
2997,5359,300,10
3297,5359,10,100
3297,5459,200,10

Range : 4074,4548,600,210
4074,4548,400,10
4474,4548,10,100
4474,4648,100,10
4574,4648,10,100
4574,4748,100,10

Range : 926,5012,110,100
926,5102,100,10
1026,5012,10,100

Range : 698,2976,400,310
698,2976,200,10
898,2976,10,200
898,3176,100,10
998,3176,10,100
998,3276,100,10

Range : 2545,3212,500,310
2545,3212,100,10
2645,3212,10,100
2645,3312,100,10
2745,3312,10,200
2745,3512,300,10

Range : 772,2427,310,190
772,2507,100,10
872,2507,10,100
872,2607,100,10
972,2517,10,100
972,2517,100,10
1072,2427,10,100

Range : 3337,4060,510,190
3337,4140,300,10
3637,4140,10,100
3637,4240,100,10
3737,4060,10,190
3737,4060,100,10
3837,4060,10,100

Range : 140,1969,200,100
140,2059,100,10
240,1969,10,100
240,1969,100,10

Range : 1559,1525,300,210
1559,1615,100,10
1659,1525,10,100
1659,1525,100,10
1759,1525,10,200
1759,1725,100,10

Range : 819,1840,410,210
819,2020,100,10
919,1840,10,190
919,1840,100,10
1019,1840,10,100
1019,1940,100,10
1119,1940,10,100
1119,2040,100,10
1219,1950,10,100

Range : 124,3592,500,370
124,3952,200,10
324,3862,10,100
324,3862,100,10
424,3772,10,100
424,3772,100,10
524,3592,10,190
524,3592,100,10

Range : 3071,3609,410,300
3071,3699,100,10
3171,3609,10,100
3171,3609,300,10
3471,3609,10,300

Range : 3288,1423,210,200
3288,1603,100,10
3388,1423,10,190
3388,1423,100,10
3488,1423,10,200

Range : 4544,3471,210,190
4544,3651,200,10
4744,3471,10,190

Range : 1611,4930,200,100
1611,5020,100,10
1711,4930,10,100
1711,4930,100,10

Range : 2876,5114,400,100
2876,5204,200,10
3076,5114,10,100
3076,5114,200,10

Range : 4659,707,310,110
4659,707,100,10
4759,707,10,100
4759,807,200,10
4959,717,10,100

Range : 1522,999,110,280
1522,1269,100,10
1622,999,10,280

Range : 3518,2657,200,110
3518,2657,100,10
3618,2657,10,100
3618,2757,100,10

Range : 3829,2927,110,100
3829,2927,100,10
3929,2927,10,100

Range : 751,4281,100,10
751,4281,100,10

Range : 4400,2952,400,10
4400,2952,400,10

Range : 3253,2401,400,190
3253,2571,100,10
3353,2481,10,100
3353,2481,100,10
3453,2481,10,100
3453,2581,100,10
3553,2401,10,190
3553,2401,100,10

Range : 2989,4678,210,200
2989,4858,100,10
3089,4678,10,190
3089,4678,100,10
3189,4678,10,200

Range : 3473,211,210,300
3473,211,100,10
3573,211,10,200
3573,411,100,10
3673,411,10,100

Range : 4945,1788,200,310
4945,1788,100,10
5045,1788,10,300
5045,2088,100,10

Range : 1609,1436,100,10
1609,1436,100,10

Range : 3270,5478,210,100
3270,5568,200,10
3470,5478,10,100

Range : 395,2221,110,100
395,2311,100,10
495,2221,10,100

Range : 4814,3531,210,370
4814,3891,100,10
4914,3711,10,190
4914,3711,100,10
5014,3531,10,190

Range : 1657,3965,100,10
1657,3965,100,10

Range : 5056,2824,110,200
5056,2824,100,10
5156,2824,10,200

Range : 630,2417,310,400
630,2417,100,10
730,2417,10,200
730,2617,200,10
930,2617,10,200

Range : 918,1808,100,10
918,1808,100,10

Range : 4044,3142,100,10
4044,3142,100,10

Range : 1393,5670,310,700
1393,5670,100,10
1493,5670,10,100
1493,5770,100,10
1593,5770,10,500
1593,6270,100,10
1693,6270,10,100

Range : 4262,2263,200,10
4262,2263,200,10

Range : 1776,2301,410,210
1776,2301,100,10
1876,2301,10,100
1876,2401,100,10
1976,2401,10,100
1976,2501,100,10
2076,2411,10,100
2076,2411,100,10
2176,2411,10,100

Range : 2746,596,300,280
2746,866,200,10
2946,596,10,280
2946,596,100,10

Range : 4078,4227,200,100
4078,4317,100,10
4178,4227,10,100
4178,4227,100,10

Range : 684,1920,110,100
684,1920,100,10
784,1920,10,100

Range : 1050,3707,400,210
1050,3797,200,10
1250,3707,10,100
1250,3707,100,10
1350,3707,10,200
1350,3907,100,10

Range : 4259,947,400,370
4259,1307,100,10
4359,1037,10,280
4359,1037,100,10
4459,947,10,100
4459,947,100,10
4559,947,10,100
4559,1047,100,10

Range : 2760,3894,500,110
2760,3894,200,10
2960,3894,10,100
2960,3994,300,10

Range : 69,5602,300,210
69,5602,100,10
169,5602,10,200
169,5802,100,10
269,5712,10,100
269,5712,100,10

Range : 119,3180,310,200
119,3270,100,10
219,3180,10,100
219,3180,100,10
319,3180,10,100
319,3280,100,10
419,3280,10,100

Range : 764,1940,210,280
764,2110,100,10
864,2110,10,100
864,2210,100,10
964,1940,10,280

Range : 4153,1147,200,100
4153,1237,100,10
4253,1147,10,100
4253,1147,100,10

Range : 39,900,410,310
39,990,100,10
139,900,10,100
139,900,100,10
239,900,10,100
239,1000,100,10
339,1000,10,200
339,1200,100,10
439,1020,10,190

Range : 1438,169,400,370
1438,329,100,10
1538,329,10,100
1538,429,100,10
1638,429,10,100
1638,529,100,10
1738,169,10,370
1738,169,100,10

Range : 3353,2945,210,200
3353,2945,100,10
3453,2945,10,100
3453,3045,100,10
3553,3045,10,100

Range : 3773,3336,300,210
3773,3336,100,10
3873,3336,10,200
3873,3536,100,10
3973,3446,10,100
3973,3446,100,10

Range : 1206,4176,100,10
1206,4176,100,10

Range : 385,2573,310,200
385,2573,200,10
585,2573,10,100
585,2673,100,10
685,2673,10,100

Range : 670,3576,200,100
670,3666,100,10
770,3576,10,100
770,3576,100,10

Range : 102,4800,200,370
102,5160,100,10
202,4800,10,370
202,4800,100,10

Range : 103,4518,210,100
103,4518,200,10
303,4518,10,100

Range : 1096,2294,600,100
1096,2384,100,10
1196,2294,10,100
1196,2294,500,10

Range : 3990,5599,200,210
3990,5599,100,10
4090,5599,10,200
4090,5799,100,10

Range : 5173,2421,510,300
5173,2421,400,10
5573,2421,10,100
5573,2521,100,10
5673,2521,10,200

Range : 1456,3648,100,10
1456,3648,100,10

Range : 3354,3993,300,110
3354,3993,100,10
3454,3993,10,100
3454,4093,200,10

Range : 1498,4814,110,100
1498,4904,100,10
1598,4814,10,100

Range : 3856,4908,400,410
3856,4908,100,10
3956,4908,10,100
3956,5008,200,10
4156,5008,10,300
4156,5308,100,10

Range : 3336,4880,310,210
3336,4880,100,10
3436,4880,10,100
3436,4980,100,10
3536,4980,10,100
3536,5080,100,10
3636,4990,10,100

Range : 2843,4459,210,460
2843,4909,100,10
2943,4549,10,370
2943,4549,100,10
3043,4459,10,100

Range : 2280,803,300,210
2280,803,100,10
2380,803,10,200
2380,1003,200,10

Range : 3321,4557,310,190
3321,4737,200,10
3521,4647,10,100
3521,4647,100,10
3621,4557,10,100

Range : 2691,5661,110,190
2691,5841,100,10
2791,5661,10,190

Range : 2319,3171,400,210
2319,3171,200,10
2519,3171,10,200
2519,3371,200,10

Range : 2351,3407,210,110
2351,3407,100,10
2451,3407,10,100
2451,3507,100,10
2551,3417,10,100

Range : 259,2323,110,100
259,2413,100,10
359,2323,10,100

Range : 534,1507,200,410
534,1507,100,10
634,1507,10,400
634,1907,100,10

Range : 391,-146,400,370
391,214,100,10
491,124,10,100
491,124,100,10
591,34,10,100
591,34,100,10
691,-146,10,190
691,-146,100,10

Range : 3250,5816,100,10
3250,5816,100,10

Range : 2669,2689,100,10
2669,2689,100,10

Range : 4586,2598,400,110
4586,2688,100,10
4686,2598,10,100
4686,2598,200,10
4886,2598,10,100
4886,2698,100,10

Range : 106,3167,110,100
106,3167,100,10
206,3167,10,100

Range : 211,3403,600,110
211,3493,100,10
311,3403,10,100
311,3403,300,10
611,3403,10,100
611,3503,200,10

Range : 751,2247,210,300
751,2247,200,10
951,2247,10,300

Range : 2874,3711,500,110
2874,3711,300,10
3174,3711,10,100
3174,3811,100,10
3274,3721,10,100
3274,3721,100,10

Range : 2304,4922,410,280
2304,5192,100,10
2404,5102,10,100
2404,5102,300,10
2704,4922,10,190

Range : 2051,3327,400,110
2051,3417,100,10
2151,3327,10,100
2151,3327,100,10
2251,3327,10,100
2251,3427,200,10

Range : 2801,2197,300,210
2801,2197,200,10
3001,2197,10,200
3001,2397,100,10

Range : 547,5727,500,410
547,5727,100,10
647,5727,10,200
647,5927,100,10
747,5927,10,100
747,6027,100,10
847,6027,10,100
847,6127,100,10
947,6037,10,100
947,6037,100,10

Range : 3120,1428,210,110
3120,1428,100,10
3220,1428,10,100
3220,1528,100,10
3320,1438,10,100

Range : 410,2384,300,100
410,2474,200,10
610,2384,10,100
610,2384,100,10

Range : 489,5172,210,100
489,5172,200,10
689,5172,10,100

Range : 4148,4414,200,100
4148,4504,100,10
4248,4414,10,100
4248,4414,100,10

Range : 588,4986,300,110
588,4986,100,10
688,4986,10,100
688,5086,200,10

Range : 1880,3461,500,190
1880,3641,200,10
2080,3551,10,100
2080,3551,100,10
2180,3461,10,100
2180,3461,200,10

Range : 4492,2981,100,10
4492,2981,100,10

Range : 864,5469,300,110
864,5469,200,10
1064,5469,10,100
1064,5569,100,10

Range : 1611,1227,410,280
1611,1497,200,10
1811,1227,10,280
1811,1227,200,10
2011,1227,10,100

Range : 39,3021,300,110
39,3021,100,10
139,3021,10,100
139,3121,200,10

Range : 4189,242,600,310
4189,242,100,10
4289,242,10,100
4289,342,200,10
4489,342,10,100
4489,442,100,10
4589,442,10,100
4589,542,200,10

Range : 4041,4173,110,100
4041,4173,100,10
4141,4173,10,100

Range : 2489,1684,210,100
2489,1684,200,10
2689,1684,10,100

Range : 929,4426,200,100
929,4516,100,10
1029,4426,10,100
1029,4426,100,10

Range : 967,4518,300,110
967,4608,100,10
1067,4518,10,100
1067,4518,100,10
1167,4518,10,100
1167,4618,100,10

Range : 132,5494,500,210
132,5584,300,10
432,5494,10,100
432,5494,100,10
532,5494,10,200
532,5694,100,10

Range : 3893,1907,210,460
3893,2257,100,10
3993,2257,10,100
3993,2357,100,10
4093,1907,10,460

Range : 5122,4676,310,110
5122,4766,100,10
5222,4676,10,100
5222,4676,100,10
5322,4676,10,100
5322,4776,100,10
5422,4686,10,100

Range : 684,571,510,460
684,1021,100,10
784,931,10,100
784,931,100,10
884,841,10,100
884,841,300,10
1184,571,10,280

Range : 4290,4085,100,10
4290,4085,100,10

Range : 631,1063,110,190
631,1243,100,10
731,1063,10,190

Range : 3480,5502,410,280
3480,5772,100,10
3580,5592,10,190
3580,5592,100,10
3680,5502,10,100
3680,5502,200,10
3880,5502,10,100

Range : 1607,3375,300,310
1607,3375,100,10
1707,3375,10,200
1707,3575,100,10
1807,3575,10,100
1807,3675,100,10

Range : 3440,3368,310,410
3440,3368,100,10
3540,3368,10,400
3540,3768,100,10
3640,3588,10,190
3640,3588,100,10
3740,3498,10,100

Range : 2261,5820,300,410
2261,5820,100,10
2361,5820,10,100
2361,5920,100,10
2461,5920,10,300
2461,6220,100,10

Range : 4459,-57,510,280
4459,213,100,10
4559,33,10,190
4559,33,100,10
4659,-57,10,100
4659,-57,300,10
4959,-57,10,100

Range : 667,4271,400,110
667,4271,300,10
967,4271,10,100
967,4371,100,10

Range : 745,1212,200,10
745,1212,200,10

Range : 3020,5321,100,10
3020,5321,100,10

Range : 987,1261,210,110
987,1261,100,10
1087,1261,10,100
1087,1361,100,10
1187,1271,10,100

Range : 4900,3172,110,100
4900,3172,100,10
5000,3172,10,100

Range : 3042,936,210,280
3042,1206,100,10
3142,1026,10,190
3142,1026,100,10
3242,936,10,100

Range : 3656,3075,100,10
3656,3075,100,10

Range : 1782,3864,310,100
1782,3864,300,10
2082,3864,10,100

Range : 2967,4050,110,370
2967,4410,100,10
3067,4050,10,370

Range : 3298,3596,100,10
3298,3596,100,10

Range : 185,4260,300,210
185,4260,100,10
285,4260,10,200
285,4460,100,10
385,4370,10,100
385,4370,100,10

Range : 4930,4912,110,190
4930,5092,100,10
5030,4912,10,190

Range : 3101,56,210,460
3101,506,100,10
3201,416,10,100
3201,416,100,10
3301,56,10,370

Range : 524,1990,300,110
524,1990,100,10
624,1990,10,100
624,2090,200,10

Range : 1756,5454,110,370
1756,5814,100,10
1856,5454,10,370

Range : 649,3511,310,280
649,3781,100,10
749,3691,10,100
749,3691,100,10
849,3601,10,100
849,3601,100,10
949,3511,10,100

Range : 412,1540,110,100
412,1630,100,10
512,1540,10,100

Range : 1333,5537,410,200
1333,5537,200,10
1533,5537,10,100
1533,5637,200,10
1733,5637,10,100

Range : 3671,5305,210,100
3671,5305,200,10
3871,5305,10,100

Range : 1240,3616,100,10
1240,3616,100,10

Range : 2149,3292,100,10
2149,3292,100,10

Range : 2374,650,210,100
2374,740,100,10
2474,650,10,100
2474,650,100,10
2574,650,10,100

Range : 56,1090,200,190
56,1270,100,10
156,1090,10,190
156,1090,100,10

Range : 477,4516,200,10
477,4516,200,10

Range : 1898,2435,210,100
1898,2525,200,10
2098,2435,10,100

Range : 5189,1817,510,280
5189,1887,100,10
5289,1887,10,200
5289,2087,200,10
5489,1997,10,100
5489,1997,100,10
5589,1907,10,100
5589,1907,100,10
5689,1817,10,100

Range : 4027,3468,400,110
4027,3558,200,10
4227,3468,10,100
4227,3468,100,10
4327,3468,10,100
4327,3568,100,10

Range : 3001,5303,100,10
3001,5303,100,10

Range : 3657,989,100,10
3657,989,100,10

Range : 2831,901,100,10
2831,901,100,10

Range : 4138,2747,210,190
4138,2927,100,10
4238,2837,10,100
4238,2837,100,10
4338,2747,10,100

Range : 1072,5091,100,10
1072,5091,100,10

Range : 1602,5228,100,10
1602,5228,100,10

Range : 4886,4199,310,200
4886,4199,300,10
5186,4199,10,200

Range : 3061,5869,400,210
3061,5869,200,10
3261,5869,10,100
3261,5969,100,10
3361,5969,10,100
3361,6069,100,10

Range : 2527,5691,200,10
2527,5691,200,10

Range : 2991,5786,100,10
2991,5786,100,10

Range : 2204,4445,210,100
2204,4535,100,10
2304,4445,10,100
2304,4445,100,10
2404,4445,10,100

Range : 658,4895,100,10
658,4895,100,10

Range : 962,4635,110,100
962,4635,100,10
1062,4635,10,100

Range : 409,4182,300,110
409,4182,100,10
509,4182,10,100
509,4282,200,10

Range : 1274,756,200,10
1274,756,200,10

Range : 2801,3553,500,10
2801,3553,500,10

Range : 2354,4061,300,310
2354,4061,100,10
2454,4061,10,200
2454,4261,100,10
2554,4261,10,100
2554,4361,100,10

Range : 2332,5214,100,10
2332,5214,100,10

Range : 1684,3039,310,100
1684,3129,300,10
1984,3039,10,100

Range : 309,5458,110,100
309,5458,100,10
409,5458,10,100

Range : 2249,141,500,110
2249,231,200,10
2449,141,10,100
2449,141,200,10
2649,141,10,100
2649,241,100,10

Range : 4311,4966,210,300
4311,4966,100,10
4411,4966,10,100
4411,5066,100,10
4511,5066,10,200

Range : 1841,57,500,280
1841,327,200,10
2041,57,10,280
2041,57,100,10
2141,57,10,100
2141,157,200,10

Range : 3660,3272,200,110
3660,3272,100,10
3760,3272,10,100
3760,3372,100,10

Range : 3501,1564,310,190
3501,1744,100,10
3601,1654,10,100
3601,1654,200,10
3801,1564,10,100

Range : 4320,3830,300,110
4320,3830,200,10
4520,3830,10,100
4520,3930,100,10

Range : 2447,3050,210,100
2447,3140,200,10
2647,3050,10,100

Range : 2276,3018,110,100
2276,3018,100,10
2376,3018,10,100

Range : 1325,1553,300,370
1325,1913,200,10
1525,1553,10,370
1525,1553,100,10

Range : 166,2776,310,410
166,2776,100,10
266,2776,10,300
266,3076,100,10
366,3076,10,100
366,3176,100,10
466,3086,10,100

Range : 2441,1221,200,10
2441,1221,200,10

Range : 5123,3148,100,10
5123,3148,100,10

Range : 1474,842,200,10
1474,842,200,10

Range : 4798,1040,410,400
4798,1040,100,10
4898,1040,10,100
4898,1140,200,10
5098,1140,10,100
5098,1240,100,10
5198,1240,10,200

Range : 1849,177,310,280
1849,347,100,10
1949,347,10,100
1949,447,200,10
2149,177,10,280

Range : 157,4771,100,10
157,4771,100,10

Range : 4036,320,200,10
4036,320,200,10

Range : 201,844,200,10
201,844,200,10

Range : 4809,5774,200,10
4809,5774,200,10

Range : 2753,3597,200,10
2753,3597,200,10

Range : 4779,4843,210,400
4779,4843,100,10
4879,4843,10,300
4879,5143,100,10
4979,5143,10,100

Range : 1530,3722,110,190
1530,3902,100,10
1630,3722,10,190

Range : 2252,5464,300,280
2252,5734,100,10
2352,5554,10,190
2352,5554,100,10
2452,5464,10,100
2452,5464,100,10

Range : 482,3950,110,100
482,4040,100,10
582,3950,10,100

Range : 3866,2681,310,190
3866,2861,100,10
3966,2771,10,100
3966,2771,200,10
4166,2681,10,100

Range : 1915,3251,210,100
1915,3251,200,10
2115,3251,10,100

Range : 2027,1789,310,100
2027,1789,300,10
2327,1789,10,100

Range : 3968,2420,300,110
3968,2420,100,10
4068,2420,10,100
4068,2520,200,10

Range : 3899,1793,200,10
3899,1793,200,10

Range : 3426,2930,110,100
3426,2930,100,10
3526,2930,10,100

Range : 2646,741,300,110
2646,741,100,10
2746,741,10,100
2746,841,200,10

Range : 4150,4394,100,10
4150,4394,100,10

Range : 3089,4373,510,200
3089,4553,200,10
3289,4373,10,190
3289,4373,200,10
3489,4373,10,100
3489,4473,100,10
3589,4473,10,100

Range : 2360,4317,110,100
2360,4407,100,10
2460,4317,10,100

Range : 3115,1251,210,100
3115,1251,200,10
3315,1251,10,100

Range : 549,5158,100,10
549,5158,100,10

Range : 2577,3036,300,310
2577,3036,100,10
2677,3036,10,100
2677,3136,100,10
2777,3136,10,200
2777,3336,100,10

Range : 3057,5694,410,110
3057,5694,300,10
3357,5694,10,100
3357,5794,100,10
3457,5704,10,100

Range : 878,1639,500,310
878,1639,200,10
1078,1639,10,100
1078,1739,200,10
1278,1739,10,200
1278,1939,100,10

Range : 3003,1216,200,110
3003,1216,100,10
3103,1216,10,100
3103,1316,100,10

Range : 245,2688,300,210
245,2688,200,10
445,2688,10,200
445,2888,100,10

Range : 765,3680,410,190
765,3860,100,10
865,3680,10,190
865,3680,300,10
1165,3680,10,100

Range : 1523,3210,410,310
1523,3210,200,10
1723,3210,10,200
1723,3410,100,10
1823,3410,10,100
1823,3510,100,10
1923,3420,10,100

Range : 1174,5160,300,10
1174,5160,300,10

Range : 227,1778,110,100
227,1868,100,10
327,1778,10,100

Range : 647,4882,100,10
647,4882,100,10

Range : 3254,3528,100,10
3254,3528,100,10

Range : 3989,5509,210,200
3989,5509,200,10
4189,5509,10,200

Range : 4778,3979,100,10
4778,3979,100,10

Range : 1415,4565,410,210
1415,4745,100,10
1515,4655,10,100
1515,4655,100,10
1615,4565,10,100
1615,4565,100,10
1715,4565,10,200
1715,4765,100,10
1815,4675,10,100

Range : 2925,1658,110,200
2925,1658,100,10
3025,1658,10,200

Range : 66,2994,300,110
66,2994,100,10
166,2994,10,100
166,3094,200,10

Range : 2244,5147,210,100
2244,5237,200,10
2444,5147,10,100

Range : 1851,5265,210,100
1851,5265,200,10
2051,5265,10,100

Range : 4660,1154,110,200
4660,1154,100,10
4760,1154,10,200

Range : 900,1209,310,370
900,1569,300,10
1200,1209,10,370

Range : 2951,5619,100,10
2951,5619,100,10

Range : 3744,2101,300,280
3744,2371,100,10
3844,2191,10,190
3844,2191,100,10
3944,2101,10,100
3944,2101,100,10

Range : 2687,3623,100,10
2687,3623,100,10

Range : 2706,3668,100,10
2706,3668,100,10

Range : 1050,5634,110,190
1050,5814,100,10
1150,5634,10,190

Range : 3965,4430,410,110
3965,4430,100,10
4065,4430,10,100
4065,4530,200,10
4265,4440,10,100
4265,4440,100,10
4365,4440,10,100

Range : 3275,1359,110,200
3275,1359,100,10
3375,1359,10,200

Range : 2508,2571,310,100
2508,2661,200,10
2708,2571,10,100
2708,2571,100,10
2808,2571,10,100

Range : 4724,5786,210,110
4724,5786,100,10
4824,5786,10,100
4824,5886,100,10
4924,5796,10,100

Range : 4336,812,110,100
4336,812,100,10
4436,812,10,100

Range : 513,5031,110,100
513,5121,100,10
613,5031,10,100

Range : 3599,3796,600,120
3599,3796,300,10
3899,3796,10,100
3899,3896,100,10
3999,3806,10,100
3999,3806,100,10
4099,3806,10,100
4099,3906,100,10

Range : 3111,1554,200,100
3111,1644,100,10
3211,1554,10,100
3211,1554,100,10

Range : 4574,850,100,10
4574,850,100,10

Range : 4596,3000,200,10
4596,3000,200,10

Range : 3628,3243,100,10
3628,3243,100,10

Range : 749,1063,200,10
749,1063,200,10

Range : 302,4068,200,100
302,4158,100,10
402,4068,10,100
402,4068,100,10

Range : 3844,1775,300,10
3844,1775,300,10

Range : 2637,3733,310,110
2637,3733,200,10
2837,3733,10,100
2837,3833,100,10
2937,3743,10,100

Range : 1385,3346,300,280
1385,3616,100,10
1485,3346,10,280
1485,3346,200,10

Range : 492,1933,100,10
492,1933,100,10

Range : 1336,3031,110,500
1336,3031,100,10
1436,3031,10,500

Range : 2628,2290,300,10
2628,2290,300,10

Range : 2887,3044,210,300
2887,3044,100,10
2987,3044,10,100
2987,3144,100,10
3087,3144,10,200

Range : 4514,2786,300,110
4514,2876,100,10
4614,2786,10,100
4614,2786,100,10
4714,2786,10,100
4714,2886,100,10

Range : 1160,5659,110,100
1160,5749,100,10
1260,5659,10,100

Range : 4494,2757,110,100
4494,2757,100,10
4594,2757,10,100

Range : 1305,1048,100,10
1305,1048,100,10

Range : 4522,3065,110,100
4522,3065,100,10
4622,3065,10,100

Range : 2883,5724,100,10
2883,5724,100,10

Range : 2852,5865,200,10
2852,5865,200,10

Range : 984,2408,410,200
984,2408,100,10
1084,2408,10,100
1084,2508,300,10
1384,2508,10,100

Range : 3736,4160,300,100
3736,4250,100,10
3836,4160,10,100
3836,4160,200,10

Range : 4415,1660,200,100
4415,1750,100,10
4515,1660,10,100
4515,1660,100,10

Range : 3219,1529,210,280
3219,1799,100,10
3319,1619,10,190
3319,1619,100,10
3419,1529,10,100

Range : 3324,1223,200,10
3324,1223,200,10

Range : 4566,2922,100,10
4566,2922,100,10

Range : 109,-36,500,280
109,234,200,10
309,54,10,190
309,54,100,10
409,-36,10,100
409,-36,200,10

Range : 1654,2283,200,110
1654,2283,100,10
1754,2283,10,100
1754,2383,100,10

Range : 2916,5431,310,100
2916,5521,300,10
3216,5431,10,100

Range : 2848,4953,110,200
2848,4953,100,10
2948,4953,10,200

Range : 4792,453,110,300
4792,453,100,10
4892,453,10,300

Range : 4657,4131,200,10
4657,4131,200,10

Range : 4927,5619,410,200
4927,5709,200,10
5127,5619,10,100
5127,5619,100,10
5227,5619,10,100
5227,5719,100,10
5327,5719,10,100

Range : 3787,5474,200,10
3787,5474,200,10

Range : 464,936,210,300
464,936,100,10
564,936,10,100
564,1036,100,10
664,1036,10,200

Range : 1061,3898,200,100
1061,3988,100,10
1161,3898,10,100
1161,3898,100,10

Range : 2333,1143,200,10
2333,1143,200,10

Range : 3297,2192,300,10
3297,2192,300,10

Range : 82,5200,200,10
82,5200,200,10

Range : 4451,3819,110,100
4451,3819,100,10
4551,3819,10,100

Range : 2466,2345,210,110
2466,2345,100,10
2566,2345,10,100
2566,2445,100,10
2666,2355,10,100

Range : 90,5565,410,280
90,5835,400,10
490,5565,10,280

Range : 767,5275,300,100
767,5365,200,10
967,5275,10,100
967,5275,100,10

Range : 4598,4171,110,100
4598,4171,100,10
4698,4171,10,100

Range : 1934,2237,200,110
1934,2237,100,10
2034,2237,10,100
2034,2337,100,10

Range : 4681,479,210,100
4681,569,200,10
4881,479,10,100

Range : 2878,5877,100,10
2878,5877,100,10

Range : 5126,1675,100,10
5126,1675,100,10

Range : 1879,3707,100,10
1879,3707,100,10

Range : 577,3046,200,110
577,3046,100,10
677,3046,10,100
677,3146,100,10

Range : 1478,4410,110,200
1478,4410,100,10
1578,4410,10,200

Range : 3861,4342,100,10
3861,4342,100,10

Range : 4956,2791,100,10
4956,2791,100,10

Range : 3158,1903,300,280
3158,2173,200,10
3358,1903,10,280
3358,1903,100,10

Range : 1209,4151,100,10
1209,4151,100,10

Range : 79,1683,300,100
79,1773,100,10
179,1683,10,100
179,1683,200,10

Range : 4184,3879,110,100
4184,3969,100,10
4284,3879,10,100

Range : 189,3820,310,280
189,4090,100,10
289,4000,10,100
289,4000,100,10
389,3910,10,100
389,3910,100,10
489,3820,10,100

Range : 2456,4442,100,10
2456,4442,100,10

Range : 2720,1062,310,100
2720,1062,300,10
3020,1062,10,100

Range : 501,211,200,190
501,391,100,10
601,211,10,190
601,211,100,10

Range : 58,1512,110,200
58,1512,100,10
158,1512,10,200

Range : 63,2196,200,10
63,2196,200,10

Range : 3703,4908,100,10
3703,4908,100,10

Range : 3852,4587,410,200
3852,4587,300,10
4152,4587,10,100
4152,4687,100,10
4252,4687,10,100

Range : 403,1802,110,100
403,1802,100,10
503,1802,10,100

Range : 42,4366,110,100
42,4366,100,10
142,4366,10,100

Range : 3342,1097,110,100
3342,1097,100,10
3442,1097,10,100

Range : 415,2009,310,210
415,2009,100,10
515,2009,10,100
515,2109,100,10
615,2109,10,100
615,2209,100,10
715,2119,10,100

Range : 2941,5846,200,10
2941,5846,200,10

Range : 5153,5103,200,10
5153,5103,200,10

Range : 96,3469,200,10
96,3469,200,10

Range : 4549,713,100,10
4549,713,100,10

Range : 1986,618,300,110
1986,708,100,10
2086,618,10,100
2086,618,100,10
2186,618,10,100
2186,718,100,10

Range : 1832,3722,200,10
1832,3722,200,10

Range : 312,5288,300,10
312,5288,300,10

Range : 2287,2880,110,200
2287,2880,100,10
2387,2880,10,200

Range : 1626,4119,110,600
1626,4119,100,10
1726,4119,10,600

Range : 3455,2834,210,200
3455,2834,200,10
3655,2834,10,200

Range : 1199,728,200,10
1199,728,200,10

Range : 2615,511,210,300
2615,691,100,10
2715,511,10,190
2715,511,100,10
2815,511,10,300

Range : 4803,4077,200,10
4803,4077,200,10

Range : 3629,5819,210,600
3629,5819,200,10
3829,5819,10,600

Range : 1329,820,100,10
1329,820,100,10

Range : 978,4129,100,10
978,4129,100,10

Range : 2906,2812,110,190
2906,2992,100,10
3006,2812,10,190

Range : 1927,3763,110,100
1927,3853,100,10
2027,3763,10,100

Range : 2182,1542,210,190
2182,1722,100,10
2282,1632,10,100
2282,1632,100,10
2382,1542,10,100

Range : 3920,3955,210,190
3920,4135,100,10
4020,4045,10,100
4020,4045,100,10
4120,3955,10,100

Range : 1385,1088,310,310
1385,1088,100,10
1485,1088,10,300
1485,1388,100,10
1585,1298,10,100
1585,1298,100,10
1685,1208,10,100

Range : 5066,4535,800,110
5066,4535,600,10
5666,4535,10,100
5666,4635,200,10

Range : 3339,3930,100,10
3339,3930,100,10

Range : 2501,2316,100,10
2501,2316,100,10

Range : 372,5371,110,100
372,5371,100,10
472,5371,10,100

Range : 4668,2542,200,10
4668,2542,200,10

Range : 4876,2200,110,100
4876,2290,100,10
4976,2200,10,100

Range : 4431,2725,200,10
4431,2725,200,10

Range : 2536,4002,300,110
2536,4002,200,10
2736,4002,10,100
2736,4102,100,10

Range : 4603,727,110,100
4603,817,100,10
4703,727,10,100

Range : 3452,4843,400,110
3452,4843,100,10
3552,4843,10,100
3552,4943,300,10

Range : 475,1947,210,100
475,1947,200,10
675,1947,10,100

Range : 3526,1669,300,190
3526,1849,100,10
3626,1669,10,190
3626,1669,100,10
3726,1669,10,100
3726,1769,100,10

Range : 1049,4252,100,10
1049,4252,100,10

Range : 4110,1286,500,110
4110,1286,100,10
4210,1286,10,100
4210,1386,200,10
4410,1296,10,100
4410,1296,200,10

Range : 1031,2694,210,110
1031,2694,100,10
1131,2694,10,100
1131,2794,100,10
1231,2704,10,100

Range : 4326,2516,300,110
4326,2516,100,10
4426,2516,10,100
4426,2616,200,10

Range : 2894,5671,200,10
2894,5671,200,10

Range : 4553,5184,110,200
4553,5184,100,10
4653,5184,10,200

Range : 3895,4460,110,100
3895,4550,100,10
3995,4460,10,100

Range : 297,5868,300,10
297,5868,300,10

Range : 463,853,200,10
463,853,200,10

Range : 5205,1718,210,300
5205,1718,100,10
5305,1718,10,200
5305,1918,100,10
5405,1918,10,100

Range : 2580,5764,100,10
2580,5764,100,10

Range : 1527,808,100,10
1527,808,100,10

Range : 1253,1172,110,100
1253,1172,100,10
1353,1172,10,100

Range : 2726,5530,110,370
2726,5890,100,10
2826,5530,10,370

Range : 878,5428,100,10
878,5428,100,10

Range : 2210,739,100,10
2210,739,100,10

Range : 440,5151,100,10
440,5151,100,10

Range : 137,2716,100,10
137,2716,100,10

Range : 3947,4779,110,100
3947,4869,100,10
4047,4779,10,100

Range : 1853,2685,100,10
1853,2685,100,10

Range : 4278,4099,100,10
4278,4099,100,10

Range : 4144,1005,210,100
4144,1005,200,10
4344,1005,10,100

Range : 3019,4967,100,10
3019,4967,100,10

Range : 402,1609,210,190
402,1689,100,10
502,1689,10,100
502,1789,100,10
602,1609,10,190

Range : 3484,2723,110,100
3484,2813,100,10
3584,2723,10,100

Range : 5178,2344,200,10
5178,2344,200,10

Range : 3985,3935,110,100
3985,3935,100,10
4085,3935,10,100

Range : 3082,3871,210,460
3082,4321,100,10
3182,4141,10,190
3182,4141,100,10
3282,3871,10,280

Range : 659,3912,100,10
659,3912,100,10

Range : 166,4145,200,10
166,4145,200,10

Range : 4567,5115,100,10
4567,5115,100,10

Range : 5187,4513,100,10
5187,4513,100,10

Range : 3427,799,200,10
3427,799,200,10

Range : 3631,2107,110,100
3631,2197,100,10
3731,2107,10,100

Range : 2150,3813,110,190
2150,3993,100,10
2250,3813,10,190

Range : 4572,2846,110,100
4572,2936,100,10
4672,2846,10,100

Range : 3117,2710,310,200
3117,2710,300,10
3417,2710,10,200

Range : 4423,1791,100,10
4423,1791,100,10

Range : 640,4293,110,100
640,4383,100,10
740,4293,10,100

Range : 3647,3217,100,10
3647,3217,100,10

Range : 486,3565,200,10
486,3565,200,10

Range : 1867,1644,210,100
1867,1644,200,10
2067,1644,10,100

Range : 2491,1619,100,10
2491,1619,100,10

Range : 4270,3653,100,10
4270,3653,100,10

Range : 591,3296,100,10
591,3296,100,10

Range : 4099,2646,200,10
4099,2646,200,10

Range : 21,4197,200,10
21,4197,200,10

Range : 4636,1859,400,110
4636,1859,300,10
4936,1859,10,100
4936,1959,100,10

Range : 1965,4878,500,210
1965,4968,200,10
2165,4878,10,100
2165,4878,100,10
2265,4878,10,100
2265,4978,100,10
2365,4978,10,100
2365,5078,100,10

Range : 4258,1458,200,10
4258,1458,200,10

Range : 4353,5459,700,100
4353,5549,600,10
4953,5459,10,100
4953,5459,100,10

Range : 1227,5712,210,100
1227,5802,200,10
1427,5712,10,100

Range : 138,2103,200,10
138,2103,200,10

Range : 5057,2017,210,100
5057,2107,100,10
5157,2017,10,100
5157,2017,100,10
5257,2017,10,100

Range : 2867,3761,110,100
2867,3851,100,10
2967,3761,10,100

Range : 4078,1777,110,100
4078,1867,100,10
4178,1777,10,100

Range : 1002,5136,100,10
1002,5136,100,10

Range : 4073,1897,100,10
4073,1897,100,10

Range : 168,5281,300,110
168,5281,100,10
268,5281,10,100
268,5381,200,10

Range : 4556,1839,300,10
4556,1839,300,10

Range : 4601,5628,200,100
4601,5718,100,10
4701,5628,10,100
4701,5628,100,10

Range : 1793,3748,100,10
1793,3748,100,10

Range : 4192,3410,100,10
4192,3410,100,10

Range : 4768,5200,210,190
4768,5280,100,10
4868,5280,10,100
4868,5380,100,10
4968,5200,10,190

Range : 433,1255,300,110
433,1255,100,10
533,1255,10,100
533,1355,100,10
633,1265,10,100
633,1265,100,10

Range : 2050,3441,110,100
2050,3441,100,10
2150,3441,10,100

Range : 691,2843,110,100
691,2933,100,10
791,2843,10,100

Range : 4360,4111,100,10
4360,4111,100,10

Range : 2782,5275,100,10
2782,5275,100,10

Range : 3453,1276,110,100
3453,1276,100,10
3553,1276,10,100

Range : 4106,4382,100,10
4106,4382,100,10

Range : 5043,1697,300,10
5043,1697,300,10

Range : 938,5406,200,10
938,5406,200,10

Range : 566,3006,200,10
566,3006,200,10

Range : 3646,1032,110,100
3646,1122,100,10
3746,1032,10,100

Range : 2482,4456,100,10
2482,4456,100,10

Range : 4980,5867,310,600
4980,5867,200,10
5180,5867,10,500
5180,6367,100,10
5280,6367,10,100

Range : 4204,2147,200,10
4204,2147,200,10

Range : 58,5288,100,10
58,5288,100,10

Range : 4429,5572,300,310
4429,5572,100,10
4529,5572,10,200
4529,5772,100,10
4629,5772,10,100
4629,5872,100,10

Range : 1983,5823,200,10
1983,5823,200,10

Range : 104,2237,110,100
104,2327,100,10
204,2237,10,100

Range : 3461,825,100,10
3461,825,100,10

Range : 1914,3689,300,10
1914,3689,300,10

Range : 3878,2818,110,100
3878,2908,100,10
3978,2818,10,100

Range : 4318,3592,210,200
4318,3682,100,10
4418,3592,10,100
4418,3592,100,10
4518,3592,10,200

Range : 2261,2443,300,100
2261,2533,100,10
2361,2443,10,100
2361,2443,200,10

Range : 4790,5600,100,10
4790,5600,100,10

Range : 152,4305,110,190
152,4485,100,10
252,4305,10,190

Range : 4884,4187,100,10
4884,4187,100,10

Range : 2507,3583,200,10
2507,3583,200,10

Range : 4016,5499,100,10
4016,5499,100,10

Range : 2735,3687,100,10
2735,3687,100,10

Range : 1908,1115,200,10
1908,1115,200,10

Range : 4852,1765,100,10
4852,1765,100,10

Range : 4052,2601,100,10
4052,2601,100,10

Range : 3433,2619,100,10
3433,2619,100,10

Range : 1994,5796,300,10
1994,5796,300,10

Range : 4590,1807,100,10
4590,1807,100,10

Range : 3945,3653,100,10
3945,3653,100,10

Range : 4746,4154,300,110
4746,4154,100,10
4846,4154,10,100
4846,4254,200,10

Range : 4009,2894,200,10
4009,2894,200,10

Range : 4663,3628,300,190
4663,3808,100,10
4763,3628,10,190
4763,3628,200,10

Range : 62,2071,300,10
62,2071,300,10

Range : 3441,2591,210,100
3441,2591,200,10
3641,2591,10,100

Range : 4772,4518,100,10
4772,4518,100,10

Range : 3960,4576,100,10
3960,4576,100,10

Range : 5145,2851,310,370
5145,3211,100,10
5245,3121,10,100
5245,3121,200,10
5445,2851,10,280

Range : 3051,5746,110,100
3051,5836,100,10
3151,5746,10,100

Range : 1700,2609,600,100
1700,2699,400,10
2100,2609,10,100
2100,2609,200,10

Range : 3347,5643,200,10
3347,5643,200,10

Range : 3487,3310,200,10
3487,3310,200,10

Range : 3983,3098,400,110
3983,3098,200,10
4183,3098,10,100
4183,3198,200,10

Range : 1230,5204,200,10
1230,5204,200,10

Range : 4907,2810,100,10
4907,2810,100,10

Range : 1334,5122,100,10
1334,5122,100,10

Range : 2693,5209,100,10
2693,5209,100,10

Range : 3986,5818,100,10
3986,5818,100,10

Range : 2679,5265,100,10
2679,5265,100,10

Range : 2621,1584,110,100
2621,1674,100,10
2721,1584,10,100

Range : 2422,3536,100,10
2422,3536,100,10

Range : 2162,1744,100,10
2162,1744,100,10

Range : 1369,2816,110,190
1369,2996,100,10
1469,2816,10,190

Range : 510,5134,400,110
510,5134,300,10
810,5134,10,100
810,5234,100,10

Range : 1304,5057,100,10
1304,5057,100,10

Range : 5037,1741,210,100
5037,1741,200,10
5237,1741,10,100

Range : 3178,5670,210,100
3178,5670,200,10
3378,5670,10,100

Range : 4926,4328,110,190
4926,4508,100,10
5026,4328,10,190

Range : 636,3296,300,210
636,3386,100,10
736,3296,10,100
736,3296,100,10
836,3296,10,200
836,3496,100,10

Range : 2985,5646,100,10
2985,5646,100,10

Range : 3476,813,110,100
3476,813,100,10
3576,813,10,100

Range : 2590,5811,100,10
2590,5811,100,10

Range : 1817,5230,100,10
1817,5230,100,10

Range : 92,3207,210,190
92,3387,100,10
192,3297,10,100
192,3297,100,10
292,3207,10,100

Range : 1385,3021,200,110
1385,3021,100,10
1485,3021,10,100
1485,3121,100,10

Range : 425,2244,110,100
425,2334,100,10
525,2244,10,100

Range : 5010,4833,310,280
5010,5103,100,10
5110,5013,10,100
5110,5013,200,10
5310,4833,10,190

Range : 3717,2871,100,10
3717,2871,100,10

Range : 4167,666,110,100
4167,756,100,10
4267,666,10,100

Range : 2475,2556,300,10
2475,2556,300,10

Range : 4000,5364,400,210
4000,5364,200,10
4200,5364,10,200
4200,5564,200,10

Range : 1194,1603,300,10
1194,1603,300,10

Range : 239,3538,210,100
239,3538,200,10
439,3538,10,100

Range : 776,3726,210,190
776,3906,100,10
876,3816,10,100
876,3816,100,10
976,3726,10,100

Range : 4503,815,100,10
4503,815,100,10

Range : 2014,1924,300,10
2014,1924,300,10

Range : 163,1026,110,280
163,1296,100,10
263,1026,10,280

Range : 3291,3392,200,100
3291,3482,100,10
3391,3392,10,100
3391,3392,100,10

Range : 3353,3944,100,10
3353,3944,100,10

Range : 4578,879,100,10
4578,879,100,10

Range : 3215,1775,310,100
3215,1865,200,10
3415,1775,10,100
3415,1775,100,10
3515,1775,10,100

Range : 3131,2516,100,10
3131,2516,100,10

Range : 2238,2625,200,190
2238,2805,100,10
2338,2625,10,190
2338,2625,100,10

Range : 2971,4939,300,10
2971,4939,300,10

Range : 2861,348,400,190
2861,528,100,10
2961,438,10,100
2961,438,100,10
3061,348,10,100
3061,348,200,10

Range : 2806,4933,100,10
2806,4933,100,10

Range : 2535,1569,110,100
2535,1569,100,10
2635,1569,10,100

Range : 219,409,110,100
219,409,100,10
319,409,10,100

Range : 5033,2486,400,280
5033,2756,200,10
5233,2666,10,100
5233,2666,100,10
5333,2486,10,190
5333,2486,100,10

Range : 4812,3926,300,110
4812,3926,200,10
5012,3926,10,100
5012,4026,100,10

Range : 1538,3074,110,100
1538,3164,100,10
1638,3074,10,100

Range : 331,5895,100,10
331,5895,100,10

Range : 2546,5260,100,10
2546,5260,100,10

Range : 3024,5031,100,10
3024,5031,100,10

Range : 423,1512,100,10
423,1512,100,10

Range : 190,5418,110,100
190,5418,100,10
290,5418,10,100

Range : 4915,1754,100,10
4915,1754,100,10

Range : 2649,2923,300,100
2649,3013,200,10
2849,2923,10,100
2849,2923,100,10

Range : 4143,3945,310,190
4143,4125,100,10
4243,4035,10,100
4243,4035,200,10
4443,3945,10,100

Range : 4396,2090,300,100
4396,2180,200,10
4596,2090,10,100
4596,2090,100,10

Range : 2083,3727,110,100
2083,3727,100,10
2183,3727,10,100

Range : 965,2621,100,10
965,2621,100,10

Range : 3892,4228,110,100
3892,4318,100,10
3992,4228,10,100

Range : 1746,1196,200,10
1746,1196,200,10

Range : 754,1094,100,10
754,1094,100,10

Range : 1510,1407,200,10
1510,1407,200,10

Range : 3304,4852,100,10
3304,4852,100,10

Range : 108,4223,100,10
108,4223,100,10

Range : 1096,2536,210,100
1096,2626,200,10
1296,2536,10,100

Range : 1254,3627,100,10
1254,3627,100,10

Range : 2682,3551,100,10
2682,3551,100,10

Range : 1621,3953,400,110
1621,3953,300,10
1921,3953,10,100
1921,4053,100,10

Range : 14,2738,200,100
14,2828,100,10
114,2738,10,100
114,2738,100,10

Range : 746,4497,200,10
746,4497,200,10

Range : 246,2307,100,10
246,2307,100,10

Range : 739,4303,110,190
739,4483,100,10
839,4303,10,190

Range : 2179,4323,110,200
2179,4323,100,10
2279,4323,10,200

Range : 3347,1075,100,10
3347,1075,100,10

Range : 4569,865,200,10
4569,865,200,10

Range : 3982,2581,100,10
3982,2581,100,10

Range : 3984,4414,200,110
3984,4414,100,10
4084,4414,10,100
4084,4514,100,10

Range : 2031,1589,300,190
2031,1769,100,10
2131,1589,10,190
2131,1589,200,10

Range : 1700,2565,210,110
1700,2565,100,10
1800,2565,10,100
1800,2665,100,10
1900,2575,10,100

Range : 5007,4793,200,10
5007,4793,200,10

Range : 4617,2275,100,10
4617,2275,100,10

Range : 37,4790,110,300
37,4790,100,10
137,4790,10,300

Range : 661,3825,100,10
661,3825,100,10

Range : 3683,2961,210,100
3683,3051,200,10
3883,2961,10,100

Range : 2829,891,100,10
2829,891,100,10

Range : 4396,3061,100,10
4396,3061,100,10

Range : 2561,5835,100,10
2561,5835,100,10

Range : 99,1348,300,10
99,1348,300,10

Range : 3240,4864,300,10
3240,4864,300,10

Range : 2008,5139,210,100
2008,5229,100,10
2108,5139,10,100
2108,5139,100,10
2208,5139,10,100

Range : 1668,3015,110,100
1668,3015,100,10
1768,3015,10,100

Range : 3859,2962,400,280
3859,3232,100,10
3959,2962,10,280
3959,2962,300,10

Range : 205,1517,200,10
205,1517,200,10

Range : 937,3950,100,10
937,3950,100,10

Range : 942,2642,100,10
942,2642,100,10

Range : 3631,1011,200,10
3631,1011,200,10

Range : 3628,2346,110,100
3628,2346,100,10
3728,2346,10,100

Range : 3689,4036,300,10
3689,4036,300,10

Range : 3695,1243,300,310
3695,1243,200,10
3895,1243,10,300
3895,1543,100,10

Range : 4241,2165,100,10
4241,2165,100,10

Range : 5137,4491,300,10
5137,4491,300,10

Range : 4409,5306,100,10
4409,5306,100,10

Range : 3480,1092,310,100
3480,1182,300,10
3780,1092,10,100

Range : 5100,3819,500,210
5100,3819,100,10
5200,3819,10,100
5200,3919,100,10
5300,3919,10,100
5300,4019,300,10

Range : 2922,5338,100,10
2922,5338,100,10

Range : 117,291,410,100
117,381,100,10
217,291,10,100
217,291,300,10
517,291,10,100

Range : 105,2425,100,10
105,2425,100,10

Range : 3134,2198,100,10
3134,2198,100,10

Range : 937,4852,110,280
937,5122,100,10
1037,4852,10,280

Range : 1990,2119,100,10
1990,2119,100,10

Range : 2797,3874,100,10
2797,3874,100,10

Range : 20,3714,500,190
20,3894,200,10
220,3804,10,100
220,3804,100,10
320,3714,10,100
320,3714,200,10

Range : 112,5210,100,10
112,5210,100,10

Range : 1640,5247,100,10
1640,5247,100,10

Range : 4606,1818,100,10
4606,1818,100,10

Range : 1547,2999,100,10
1547,2999,100,10

Range : 3299,5584,100,10
3299,5584,100,10

Range : 133,2399,200,10
133,2399,200,10

Range : 1193,4195,200,10
1193,4195,200,10

Range : 4477,4142,200,110
4477,4142,100,10
4577,4142,10,100
4577,4242,100,10

Range : 3870,4146,100,10
3870,4146,100,10

Range : 2515,4421,200,10
2515,4421,200,10

Range : 33,720,110,100
33,810,100,10
133,720,10,100

Range : 3852,4893,300,10
3852,4893,300,10

Range : 47,2342,200,10
47,2342,200,10

Range : 4543,3047,100,10
4543,3047,100,10

Range : 1057,5116,300,210
1057,5116,100,10
1157,5116,10,200
1157,5316,200,10

Range : 3742,4732,210,100
3742,4822,200,10
3942,4732,10,100

Range : 2437,5718,110,100
2437,5808,100,10
2537,5718,10,100

Range : 3420,1878,300,10
3420,1878,300,10

Range : 2159,5852,200,110
2159,5852,100,10
2259,5852,10,100
2259,5952,100,10

Range : 2570,2526,300,10
2570,2526,300,10

Range : 1755,5096,200,10
1755,5096,200,10

Range : 2670,4127,200,10
2670,4127,200,10

Range : 4507,3998,110,100
4507,4088,100,10
4607,3998,10,100

Range : 1681,3167,110,200
1681,3167,100,10
1781,3167,10,200

Range : 4042,5340,100,10
4042,5340,100,10

Range : 4812,5484,210,100
4812,5574,200,10
5012,5484,10,100

Range : 4489,4126,100,10
4489,4126,100,10

Range : 10,3972,100,10
10,3972,100,10

Range : 1204,4748,200,10
1204,4748,200,10

Range : 904,1623,100,10
904,1623,100,10

Range : 148,5398,200,10
148,5398,200,10

Range : 1492,5088,100,10
1492,5088,100,10

Range : 1605,5045,110,100
1605,5045,100,10
1705,5045,10,100

Range : 2539,2274,100,10
2539,2274,100,10

Range : 4384,5285,400,110
4384,5285,200,10
4584,5285,10,100
4584,5385,100,10
4684,5295,10,100
4684,5295,100,10

Range : 3655,5693,300,210
3655,5783,100,10
3755,5693,10,100
3755,5693,100,10
3855,5693,10,200
3855,5893,100,10

Range : 1190,2886,210,110
1190,2886,100,10
1290,2886,10,100
1290,2986,100,10
1390,2896,10,100

Range : 2382,3587,100,10
2382,3587,100,10

Range : 4464,4014,400,100
4464,4104,200,10
4664,4014,10,100
4664,4014,200,10

Range : 1441,4957,200,10
1441,4957,200,10

Range : 103,2122,100,10
103,2122,100,10

Range : 154,876,400,110
154,876,200,10
354,876,10,100
354,976,200,10

Range : 4349,4338,100,10
4349,4338,100,10

Range : 1711,5768,600,100
1711,5858,200,10
1911,5768,10,100
1911,5768,400,10

Range : 1420,3756,200,190
1420,3936,100,10
1520,3756,10,190
1520,3756,100,10

Range : 3301,2676,100,10
3301,2676,100,10

Range : 1531,2396,100,10
1531,2396,100,10

Range : 2166,849,210,100
2166,939,200,10
2366,849,10,100

Range : 2253,5748,100,10
2253,5748,100,10

Range : 47,5887,310,500
47,5887,100,10
147,5887,10,300
147,6187,100,10
247,6187,10,100
247,6287,100,10
347,6287,10,100

Range : 32,2840,200,10
32,2840,200,10

Range : 267,2455,100,10
267,2455,100,10

Range : 4753,1785,100,10
4753,1785,100,10

Range : 875,3840,210,100
875,3930,100,10
975,3840,10,100
975,3840,100,10
1075,3840,10,100

Range : 1378,1035,100,10
1378,1035,100,10

Range : 3955,2396,210,100
3955,2396,200,10
4155,2396,10,100

Range : 3178,2629,100,10
3178,2629,100,10

Range : 3319,4300,100,10
3319,4300,100,10

Range : 209,1843,210,100
209,1933,200,10
409,1843,10,100

Range : 5186,339,410,280
5186,499,100,10
5286,409,10,100
5286,409,100,10
5386,409,10,200
5386,609,100,10
5486,519,10,100
5486,519,100,10
5586,339,10,190

Range : 1268,3945,310,190
1268,4125,100,10
1368,4035,10,100
1368,4035,200,10
1568,3945,10,100

Range : 841,1184,100,10
841,1184,100,10

Range : 4465,761,200,10
4465,761,200,10

Range : 146,5871,100,10
146,5871,100,10

Range : 2349,1125,100,10
2349,1125,100,10

Range : 3315,2210,100,10
3315,2210,100,10

Range : 3076,5581,100,10
3076,5581,100,10

Range : 3594,5378,200,100
3594,5468,100,10
3694,5378,10,100
3694,5378,100,10

Range : 3230,4950,200,10
3230,4950,200,10

Range : 636,4426,100,10
636,4426,100,10

Range : 2109,3145,110,100
2109,3235,100,10
2209,3145,10,100

Range : 1947,1420,110,100
1947,1510,100,10
2047,1420,10,100

Range : 2776,4988,110,190
2776,5168,100,10
2876,4988,10,190

Range : 2202,769,100,10
2202,769,100,10

Range : 1220,5818,210,310
1220,5818,100,10
1320,5818,10,300
1320,6118,100,10
1420,5938,10,190

Range : 20,5352,100,10
20,5352,100,10

Range : 102,1909,200,10
102,1909,200,10

Range : 4069,4878,410,400
4069,4878,100,10
4169,4878,10,200
4169,5078,300,10
4469,5078,10,200

Range : 2759,252,200,210
2759,252,100,10
2859,252,10,200
2859,452,100,10

Range : 3594,3233,200,10
3594,3233,200,10

Range : 4457,2707,100,10
4457,2707,100,10

Range : 2680,4310,210,100
2680,4310,200,10
2880,4310,10,100

Range : 3184,4925,100,10
3184,4925,100,10

Range : 584,4939,200,10
584,4939,200,10

Range : 3134,2694,100,10
3134,2694,100,10

Range : 505,445,100,10
505,445,100,10

Range : 4033,3585,110,100
4033,3675,100,10
4133,3585,10,100

Range : 420,3430,110,100
420,3520,100,10
520,3430,10,100

Range : 4798,54,310,280
4798,324,100,10
4898,234,10,100
4898,234,200,10
5098,54,10,190

Range : 2848,3680,100,10
2848,3680,100,10

Range : 3133,2217,200,210
3133,2217,100,10
3233,2217,10,200
3233,2417,100,10

Range : 377,5123,100,10
377,5123,100,10

Range : 127,4160,110,100
127,4160,100,10
227,4160,10,100

Range : 2688,2310,300,10
2688,2310,300,10

Range : 4526,5165,100,10
4526,5165,100,10

Range : 1602,4078,100,10
1602,4078,100,10

Range : 131,2365,100,10
131,2365,100,10

Range : 1783,3760,200,100
1783,3850,100,10
1883,3760,10,100
1883,3760,100,10

Range : 34,1324,200,10
34,1324,200,10

Range : 2685,5230,300,210
2685,5230,200,10
2885,5230,10,200
2885,5430,100,10

Range : 45,870,100,10
45,870,100,10

Range : 3163,5843,100,10
3163,5843,100,10

Range : 2837,3620,100,10
2837,3620,100,10

Range : 2363,2578,200,10
2363,2578,200,10

Range : 3122,3481,100,10
3122,3481,100,10

Range : 1585,5416,210,200
1585,5416,100,10
1685,5416,10,100
1685,5516,100,10
1785,5516,10,100

Range : 4146,2201,210,200
4146,2201,100,10
4246,2201,10,100
4246,2301,100,10
4346,2301,10,100

Range : 1153,3657,100,10
1153,3657,100,10

Range : 2856,5711,100,10
2856,5711,100,10

Range : 3269,4786,100,10
3269,4786,100,10

Range : 102,1959,110,100
102,1959,100,10
202,1959,10,100

Range : 2460,1672,100,10
2460,1672,100,10

Range : 3221,4879,100,10
3221,4879,100,10

Range : 5166,2799,500,110
5166,2799,300,10
5466,2799,10,100
5466,2899,100,10
5566,2809,10,100
5566,2809,100,10

Range : 4703,1807,100,10
4703,1807,100,10

Range : 4140,2944,100,10
4140,2944,100,10

Range : 3890,1810,100,10
3890,1810,100,10

Range : 531,4114,110,100
531,4114,100,10
631,4114,10,100

Range : 4091,4155,100,10
4091,4155,100,10

Range : 1678,739,100,10
1678,739,100,10

Range : 2877,696,310,190
2877,876,100,10
2977,786,10,100
2977,786,200,10
3177,696,10,100

Range : 2869,5650,100,10
2869,5650,100,10

Range : 495,2947,100,10
495,2947,100,10

Range : 2850,5804,100,10
2850,5804,100,10

Range : 41,836,100,10
41,836,100,10

Range : 3379,5820,400,510
3379,5820,200,10
3579,5820,10,100
3579,5920,100,10
3679,5920,10,400
3679,6320,100,10

Range : 4752,847,100,10
4752,847,100,10

Range : 93,2093,100,10
93,2093,100,10

Range : 3996,983,200,10
3996,983,200,10

Range : 3627,5480,100,10
3627,5480,100,10

Range : 930,1598,100,10
930,1598,100,10

Range : 44,3420,100,10
44,3420,100,10

Range : 539,3023,200,10
539,3023,200,10

Range : 3226,5607,100,10
3226,5607,100,10

Range : 2942,5765,100,10
2942,5765,100,10

Range : 102,1372,100,10
102,1372,100,10

Range : 4534,4024,210,100
4534,4114,200,10
4734,4024,10,100

Range : 3813,2436,110,300
3813,2436,100,10
3913,2436,10,300

Range : 104,2377,100,10
104,2377,100,10

Range : 524,4342,100,10
524,4342,100,10

Range : 3207,2651,300,10
3207,2651,300,10

Range : 3261,2696,300,110
3261,2696,200,10
3461,2696,10,100
3461,2796,100,10

Range : 1824,5065,200,10
1824,5065,200,10

Range : 858,5623,200,10
858,5623,200,10

Range : 23,1358,200,10
23,1358,200,10

Range : 3749,5291,100,10
3749,5291,100,10

Range : 794,1251,200,10
794,1251,200,10

Range : 1627,2264,200,10
1627,2264,200,10

Range : 4139,1919,110,100
4139,2009,100,10
4239,1919,10,100

Range : 3062,5594,110,100
3062,5594,100,10
3162,5594,10,100

Range : 3383,1244,510,210
3383,1244,300,10
3683,1244,10,100
3683,1344,100,10
3783,1344,10,100
3783,1444,100,10
3883,1354,10,100

Range : 1439,5014,100,10
1439,5014,100,10

Range : 4138,2543,110,100
4138,2543,100,10
4238,2543,10,100

Range : 3902,1749,100,10
3902,1749,100,10

Range : 4268,5588,100,10
4268,5588,100,10

Range : 2389,587,300,10
2389,587,300,10

Range : 367,1978,100,10
367,1978,100,10

Range : 2727,5220,100,10
2727,5220,100,10

Range : 615,4496,100,10
615,4496,100,10

Range : 925,5448,100,10
925,5448,100,10

Range : 3321,4813,200,10
3321,4813,200,10

Range : 48,5278,100,10
48,5278,100,10

Range : 3388,3253,200,10
3388,3253,200,10

Range : 3554,3338,200,10
3554,3338,200,10

Range : 4139,1119,110,100
4139,1119,100,10
4239,1119,10,100

Range : 4421,2274,100,10
4421,2274,100,10

Range : 4061,4335,100,10
4061,4335,100,10

Range : 2389,5271,100,10
2389,5271,100,10

Range : 3833,3929,100,10
3833,3929,100,10

Range : 3204,3565,100,10
3204,3565,100,10

Range : 2639,3849,200,10
2639,3849,200,10

Range : 3201,2672,100,10
3201,2672,100,10

Range : 2179,3439,100,10
2179,3439,100,10

Range : 1904,1169,100,10
1904,1169,100,10

Range : 3405,3299,100,10
3405,3299,100,10

Range : 4493,3804,110,100
4493,3804,100,10
4593,3804,10,100

Range : 77,3497,100,10
77,3497,100,10

Range : 120,2152,100,10
120,2152,100,10

Range : 2076,4536,100,10
2076,4536,100,10

Range : 2721,2729,200,190
2721,2909,100,10
2821,2729,10,190
2821,2729,100,10

Range : 3071,5546,300,10
3071,5546,300,10

Range : 3218,3515,100,10
3218,3515,100,10

Range : 2909,3667,200,10
2909,3667,200,10

Range : 2708,891,100,10
2708,891,100,10

Range : 3360,5607,100,10
3360,5607,100,10

Range : 2306,2658,110,190
2306,2838,100,10
2406,2658,10,190

Range : 3180,3312,210,190
3180,3492,100,10
3280,3312,10,190
3280,3312,100,10
3380,3312,10,100

Range : 4664,995,110,100
4664,1085,100,10
4764,995,10,100

Range : 851,2921,210,110
851,2921,100,10
951,2921,10,100
951,3021,100,10
1051,2931,10,100

Range : 1125,4130,100,10
1125,4130,100,10

Range : 1032,1601,100,10
1032,1601,100,10

Range : 5163,5595,210,370
5163,5855,100,10
5263,5855,10,100
5263,5955,100,10
5363,5595,10,370

Range : 4404,3107,200,10
4404,3107,200,10

Range : 1920,1212,100,10
1920,1212,100,10

Range : 21,423,100,10
21,423,100,10

Range : 1970,1949,110,100
1970,2039,100,10
2070,1949,10,100

Range : 188,2138,110,100
188,2138,100,10
288,2138,10,100

Range : 3215,2598,100,10
3215,2598,100,10

Range : 636,2141,210,190
636,2321,100,10
736,2231,10,100
736,2231,100,10
836,2141,10,100

Range : 3098,4659,100,10
3098,4659,100,10

Range : 4854,2320,400,190
4854,2500,100,10
4954,2410,10,100
4954,2410,200,10
5154,2320,10,100
5154,2320,100,10

Range : 987,3609,100,10
987,3609,100,10

Range : 2948,5836,100,10
2948,5836,100,10

Range : 127,4993,200,190
127,5173,100,10
227,4993,10,190
227,4993,100,10

Range : 1647,3894,100,10
1647,3894,100,10

Range : 5056,2794,100,10
5056,2794,100,10

Range : 2087,742,100,10
2087,742,100,10

Range : 458,1919,200,10
458,1919,200,10

Range : 383,4168,100,10
383,4168,100,10

Range : 1935,5880,200,10
1935,5880,200,10

Range : 4528,2287,100,10
4528,2287,100,10

Range : 444,5846,200,10
444,5846,200,10

Range : 1558,5170,210,100
1558,5260,200,10
1758,5170,10,100

Range : 4568,891,200,10
4568,891,200,10

Range : 2351,3152,100,10
2351,3152,100,10

Range : 4933,1682,100,10
4933,1682,100,10

Range : 1429,3009,110,100
1429,3009,100,10
1529,3009,10,100

Range : 4615,5897,310,110
4615,5897,100,10
4715,5897,10,100
4715,5997,200,10
4915,5907,10,100

Range : 3277,1211,200,10
3277,1211,200,10

Range : 1689,2529,100,10
1689,2529,100,10

Range : 4434,3794,100,10
4434,3794,100,10

Range : 3134,2534,100,10
3134,2534,100,10

Range : 461,4541,300,10
461,4541,300,10

Range : 213,858,200,10
213,858,200,10

Range : 4403,2928,100,10
4403,2928,100,10

Range : 3106,4792,110,100
3106,4882,100,10
3206,4792,10,100

Range : 75,1851,100,10
75,1851,100,10

Range : 469,3343,100,10
469,3343,100,10

Range : 2466,2689,100,10
2466,2689,100,10

Range : 4400,657,300,100
4400,747,100,10
4500,657,10,100
4500,657,200,10

Range : 1262,3605,200,100
1262,3695,100,10
1362,3605,10,100
1362,3605,100,10

Range : 63,2920,100,10
63,2920,100,10

Range : 125,3557,210,110
125,3557,100,10
225,3557,10,100
225,3657,100,10
325,3567,10,100

Range : 1869,4537,200,10
1869,4537,200,10

Range : 17,4476,100,10
17,4476,100,10

Range : 909,4388,100,10
909,4388,100,10

Range : 3823,5461,100,10
3823,5461,100,10

Range : 295,4206,300,110
295,4206,200,10
495,4206,10,100
495,4306,100,10

Range : 4092,4145,100,10
4092,4145,100,10

Range : 2776,5193,200,10
2776,5193,200,10

Range : 4611,2932,210,100
4611,3022,200,10
4811,2932,10,100

Range : 389,5231,200,10
389,5231,200,10

Range : 2747,948,100,10
2747,948,100,10

Range : 4978,4719,100,10
4978,4719,100,10

Range : 2657,322,200,100
2657,412,100,10
2757,322,10,100
2757,322,100,10

Range : 3917,1880,110,200
3917,1880,100,10
4017,1880,10,200

Range : 1082,4739,200,110
1082,4739,100,10
1182,4739,10,100
1182,4839,100,10

Range : 12,3916,200,100
12,4006,100,10
112,3916,10,100
112,3916,100,10

Range : 3955,2635,200,10
3955,2635,200,10

Range : 57,4096,100,10
57,4096,100,10

Range : 3364,3956,300,110
3364,3956,100,10
3464,3956,10,100
3464,4056,200,10

Range : 3108,1544,200,10
3108,1544,200,10

Range : 1777,1161,100,10
1777,1161,100,10

Range : 2771,924,410,100
2771,1014,200,10
2971,924,10,100
2971,924,200,10
3171,924,10,100

Range : 4341,757,100,10
4341,757,100,10

Range : 2430,3523,100,10
2430,3523,100,10

Range : 3892,5367,100,10
3892,5367,100,10

Range : 2900,5690,100,10
2900,5690,100,10

Range : 1635,2253,200,10
1635,2253,200,10

Range : 24,5421,100,10
24,5421,100,10

Range : 2365,3981,100,10
2365,3981,100,10

Range : 4246,1408,100,10
4246,1408,100,10

Range : 3388,5806,300,10
3388,5806,300,10

Range : 2950,3528,100,10
2950,3528,100,10

Range : 2581,3534,200,10
2581,3534,200,10

Range : 4006,5759,410,210
4006,5849,200,10
4206,5759,10,100
4206,5759,100,10
4306,5759,10,200
4306,5959,100,10
4406,5779,10,190

Range : 4329,5620,100,10
4329,5620,100,10

Range : 2832,3526,100,10
2832,3526,100,10

Range : 5156,2679,110,100
5156,2769,100,10
5256,2679,10,100

Range : 4404,2293,100,10
4404,2293,100,10

Range : 4225,3174,210,280
4225,3444,200,10
4425,3174,10,280

Range : 3767,3565,100,10
3767,3565,100,10

Range : 4015,2548,100,10
4015,2548,100,10

Range : 2942,5531,300,10
2942,5531,300,10

Range : 3362,5633,210,100
3362,5633,200,10
3562,5633,10,100

Range : 1906,1075,100,10
1906,1075,100,10

Range : 1674,2543,100,10
1674,2543,100,10

Range : 3206,4741,100,10
3206,4741,100,10

Range : 2368,1297,210,100
2368,1297,200,10
2568,1297,10,100

Range : 3762,2420,100,10
3762,2420,100,10

Range : 3923,2615,100,10
3923,2615,100,10

Range : 180,1507,100,10
180,1507,100,10

Range : 4231,778,400,10
4231,778,400,10

