Range : 4774,692,400,190
4774,872,100,10
4874,782,10,100
4874,782,100,10
4974,692,10,100
4974,692,200,10

Range : 5086,3781,300,510
5086,3781,100,10
5186,3781,10,400
5186,4181,100,10
5286,4181,10,100
5286,4281,100,10

Range : 1622,133,310,280
1622,403,200,10
1822,313,10,100
1822,313,100,10
1922,133,10,190

Range : 169,1737,700,100
169,1827,500,10
669,1737,10,100
669,1737,200,10

Range : 3031,1700,310,280
3031,1870,100,10
3131,1870,10,100
3131,1970,100,10
3231,1880,10,100
3231,1880,100,10
3331,1700,10,190

Range : 1620,2094,410,360
1620,2444,200,10
1820,2174,10,280
1820,2174,100,10
1920,2174,10,100
1920,2274,100,10
2020,2094,10,190

Range : 1341,2842,410,210
1341,3022,200,10
1541,2842,10,190
1541,2842,100,10
1641,2842,10,200
1641,3042,100,10
1741,2862,10,190

Range : 2911,4146,110,900
2911,4146,100,10
3011,4146,10,900

Range : 3490,4735,210,400
3490,4735,100,10
3590,4735,10,100
3590,4835,100,10
3690,4835,10,300

Range : 3403,2380,410,460
3403,2830,100,10
3503,2650,10,190
3503,2650,300,10
3803,2380,10,280

Range : 360,3348,410,370
360,3708,300,10
660,3348,10,370
660,3348,100,10
760,3348,10,200

Range : 2090,2803,310,300
2090,2893,100,10
2190,2803,10,100
2190,2803,200,10
2390,2803,10,300

Range : 274,4586,510,280
274,4856,100,10
374,4766,10,100
374,4766,100,10
474,4586,10,190
474,4586,300,10
774,4586,10,100

Range : 842,4167,500,280
842,4437,100,10
942,4167,10,280
942,4167,200,10
1142,4167,10,100
1142,4267,100,10
1242,4267,10,100
1242,4367,100,10

Range : 3787,2703,210,370
3787,3063,100,10
3887,2973,10,100
3887,2973,100,10
3987,2703,10,280

Range : 1166,3736,410,280
1166,3806,200,10
1366,3806,10,200
1366,4006,100,10
1466,3916,10,100
1466,3916,100,10
1566,3736,10,190

Range : 4295,4371,200,410
4295,4371,100,10
4395,4371,10,400
4395,4771,100,10

Range : 3892,3096,400,510
3892,3096,300,10
4192,3096,10,500
4192,3596,100,10

Range : 547,5075,310,400
547,5165,100,10
647,5075,10,100
647,5075,100,10
747,5075,10,100
747,5175,100,10
847,5175,10,300

Range : 3108,5160,410,100
3108,5250,200,10
3308,5160,10,100
3308,5160,200,10
3508,5160,10,100

Range : 1323,1277,300,310
1323,1457,100,10
1423,1277,10,190
1423,1277,100,10
1523,1277,10,300
1523,1577,100,10

Range : 98,904,500,310
98,904,200,10
298,904,10,100
298,1004,100,10
398,1004,10,100
398,1104,100,10
498,1104,10,100
498,1204,100,10

Range : 2835,1053,510,370
2835,1413,500,10
3335,1053,10,370

Range : 4529,1512,310,460
4529,1962,100,10
4629,1602,10,370
4629,1602,200,10
4829,1512,10,100

Range : 4950,5206,310,190
4950,5286,200,10
5150,5286,10,100
5150,5386,100,10
5250,5206,10,190

Range : 3739,3605,400,550
3739,4145,200,10
3939,4055,10,100
3939,4055,100,10
4039,3605,10,460
4039,3605,100,10

Range : 5184,1164,310,200
5184,1344,100,10
5284,1164,10,190
5284,1164,200,10
5484,1164,10,200

Range : 3882,611,300,370
3882,971,100,10
3982,611,10,370
3982,611,100,10
4082,611,10,300
4082,911,100,10

Range : 666,3924,700,210
666,3924,300,10
966,3924,10,100
966,4024,100,10
1066,4024,10,100
1066,4124,200,10
1266,4034,10,100
1266,4034,100,10

Range : 4443,1786,500,370
4443,2146,200,10
4643,1876,10,280
4643,1876,100,10
4743,1786,10,100
4743,1786,200,10

Range : 2700,231,300,710
2700,231,100,10
2800,231,10,600
2800,831,100,10
2900,831,10,100
2900,931,100,10

Range : 4335,4201,300,510
4335,4201,100,10
4435,4201,10,500
4435,4701,100,10
4535,4611,10,100
4535,4611,100,10

Range : 131,4114,410,280
131,4384,200,10
331,4114,10,280
331,4114,100,10
431,4114,10,100
431,4214,100,10
531,4214,10,100

Range : 748,4482,210,510
748,4482,100,10
848,4482,10,500
848,4982,100,10
948,4892,10,100

Range : 3636,2186,510,190
3636,2366,100,10
3736,2276,10,100
3736,2276,100,10
3836,2186,10,100
3836,2186,100,10
3936,2186,10,100
3936,2286,100,10
4036,2196,10,100
4036,2196,100,10
4136,2196,10,100

Range : 1254,5083,410,100
1254,5173,100,10
1354,5083,10,100
1354,5083,300,10
1654,5083,10,100

Range : 2763,4907,210,370
2763,5267,100,10
2863,5087,10,190
2863,5087,100,10
2963,4907,10,190

Range : 4979,4445,400,460
4979,4895,100,10
5079,4805,10,100
5079,4805,100,10
5179,4445,10,370
5179,4445,200,10

Range : 3985,302,410,210
3985,302,100,10
4085,302,10,200
4085,502,300,10
4385,412,10,100

Range : 1703,3094,300,310
1703,3094,100,10
1803,3094,10,100
1803,3194,100,10
1903,3194,10,200
1903,3394,100,10

Range : 1136,3257,310,700
1136,3257,100,10
1236,3257,10,300
1236,3557,200,10
1436,3557,10,400

Range : 2791,2062,410,210
2791,2062,300,10
3091,2062,10,200
3091,2262,100,10
3191,2172,10,100

Range : 3271,1728,300,460
3271,2178,100,10
3371,1728,10,460
3371,1728,100,10
3471,1728,10,200
3471,1928,100,10

Range : 2340,3704,410,300
2340,3974,100,10
2440,3704,10,280
2440,3704,300,10
2740,3704,10,300

Range : 343,4705,410,300
343,4975,100,10
443,4885,10,100
443,4885,100,10
543,4795,10,100
543,4795,100,10
643,4705,10,100
643,4705,100,10
743,4705,10,300

Range : 909,2796,210,370
909,3156,100,10
1009,2796,10,370
1009,2796,100,10
1109,2796,10,100

Range : 3053,2733,310,310
3053,2733,100,10
3153,2733,10,300
3153,3033,100,10
3253,2763,10,280
3253,2763,100,10
3353,2763,10,100

Range : 549,-120,110,460
549,330,100,10
649,-120,10,460

Range : 132,1152,310,280
132,1422,100,10
232,1242,10,190
232,1242,200,10
432,1152,10,100

Range : 4265,2529,400,410
4265,2529,100,10
4365,2529,10,100
4365,2629,200,10
4565,2629,10,300
4565,2929,100,10

Range : 1652,1069,410,200
1652,1249,100,10
1752,1069,10,190
1752,1069,100,10
1852,1069,10,100
1852,1169,200,10
2052,1169,10,100

Range : 2171,320,600,370
2171,680,300,10
2471,590,10,100
2471,590,200,10
2671,320,10,280
2671,320,100,10

Range : 3162,2330,500,210
3162,2330,100,10
3262,2330,10,100
3262,2430,300,10
3562,2430,10,100
3562,2530,100,10

Range : 1900,3928,500,190
1900,4108,200,10
2100,4018,10,100
2100,4018,100,10
2200,3928,10,100
2200,3928,200,10

Range : 2413,2947,400,310
2413,2947,100,10
2513,2947,10,300
2513,3247,100,10
2613,3067,10,190
2613,3067,100,10
2713,2977,10,100
2713,2977,100,10

Range : 3599,1379,600,410
3599,1379,300,10
3899,1379,10,100
3899,1479,100,10
3999,1479,10,200
3999,1679,100,10
4099,1679,10,100
4099,1779,100,10

Range : 4215,2123,400,210
4215,2123,200,10
4415,2123,10,100
4415,2223,100,10
4515,2223,10,100
4515,2323,100,10

Range : 185,2596,410,460
185,2946,100,10
285,2946,10,100
285,3046,200,10
485,2866,10,190
485,2866,100,10
585,2596,10,280

Range : 2275,4242,510,370
2275,4602,200,10
2475,4332,10,280
2475,4332,300,10
2775,4242,10,100

Range : 528,689,210,210
528,689,100,10
628,689,10,200
628,889,100,10
728,709,10,190

Range : 3582,3232,310,600
3582,3322,100,10
3682,3232,10,100
3682,3232,100,10
3782,3232,10,200
3782,3432,100,10
3882,3432,10,400

Range : 4744,5343,310,600
4744,5343,200,10
4944,5343,10,300
4944,5643,100,10
5044,5643,10,300

Range : 3839,5141,510,370
3839,5501,200,10
4039,5411,10,100
4039,5411,200,10
4239,5231,10,190
4239,5231,100,10
4339,5141,10,100

Range : 3289,3979,310,280
3289,4249,100,10
3389,3979,10,280
3389,3979,100,10
3489,3979,10,200
3489,4179,100,10
3589,4089,10,100

Range : 4013,4658,400,310
4013,4658,100,10
4113,4658,10,100
4113,4758,100,10
4213,4758,10,100
4213,4858,100,10
4313,4858,10,100
4313,4958,100,10

Range : 3347,331,600,280
3347,501,100,10
3447,501,10,100
3447,601,100,10
3547,421,10,190
3547,421,200,10
3747,331,10,100
3747,331,200,10

Range : 994,2270,310,370
994,2630,100,10
1094,2540,10,100
1094,2540,100,10
1194,2450,10,100
1194,2450,100,10
1294,2270,10,190

Range : 2215,2456,110,300
2215,2456,100,10
2315,2456,10,300

Range : 4358,2314,110,190
4358,2494,100,10
4458,2314,10,190

Range : 4807,4829,200,110
4807,4829,100,10
4907,4829,10,100
4907,4929,100,10

Range : 2109,1610,410,280
2109,1780,100,10
2209,1780,10,100
2209,1880,300,10
2509,1610,10,280

Range : 4837,5083,110,200
4837,5083,100,10
4937,5083,10,200

Range : 2505,2744,210,200
2505,2744,200,10
2705,2744,10,200

Range : 637,3153,200,10
637,3153,200,10

Range : 4430,4994,500,280
4430,5264,200,10
4630,5174,10,100
4630,5174,100,10
4730,4994,10,190
4730,4994,200,10

Range : 429,5356,300,610
429,5356,100,10
529,5356,10,500
529,5856,100,10
629,5856,10,100
629,5956,100,10

Range : 5158,3132,500,410
5158,3132,200,10
5358,3132,10,100
5358,3232,100,10
5458,3232,10,300
5458,3532,200,10

Range : 3241,3183,600,310
3241,3183,100,10
3341,3183,10,100
3341,3283,200,10
3541,3283,10,100
3541,3383,100,10
3641,3383,10,100
3641,3483,200,10

Range : 2750,3706,110,600
2750,3706,100,10
2850,3706,10,600

Range : 4839,3353,310,400
4839,3443,200,10
5039,3353,10,100
5039,3353,100,10
5139,3353,10,400

Range : 3426,654,410,310
3426,654,300,10
3726,654,10,300
3726,954,100,10
3826,864,10,100

Range : 4446,3606,310,400
4446,3606,200,10
4646,3606,10,300
4646,3906,100,10
4746,3906,10,100

Range : 2625,3074,400,550
2625,3614,100,10
2725,3524,10,100
2725,3524,100,10
2825,3164,10,370
2825,3164,100,10
2925,3074,10,100
2925,3074,100,10

Range : 1605,3903,200,370
1605,4263,100,10
1705,3903,10,370
1705,3903,100,10

Range : 3395,3667,400,190
3395,3847,100,10
3495,3667,10,190
3495,3667,100,10
3595,3667,10,100
3595,3767,100,10
3695,3677,10,100
3695,3677,100,10

Range : 2174,1944,410,280
2174,2114,100,10
2274,2114,10,100
2274,2214,100,10
2374,2124,10,100
2374,2124,200,10
2574,1944,10,190

Range : 737,2971,210,100
737,2971,200,10
937,2971,10,100

Range : 762,3213,200,10
762,3213,200,10

Range : 3905,4699,300,110
3905,4699,100,10
4005,4699,10,100
4005,4799,200,10

Range : 2509,1176,210,280
2509,1446,100,10
2609,1176,10,280
2609,1176,100,10
2709,1176,10,100

Range : 2852,1472,310,400
2852,1472,100,10
2952,1472,10,100
2952,1572,200,10
3152,1572,10,300

Range : 2226,3074,210,280
2226,3344,100,10
2326,3164,10,190
2326,3164,100,10
2426,3074,10,100

Range : 4834,3338,200,10
4834,3338,200,10

Range : 1468,986,200,110
1468,986,100,10
1568,986,10,100
1568,1086,100,10

Range : 1493,2299,300,100
1493,2389,100,10
1593,2299,10,100
1593,2299,200,10

Range : 4903,794,310,370
4903,1154,200,10
5103,974,10,190
5103,974,100,10
5203,794,10,190

Range : 4161,3932,210,200
4161,3932,100,10
4261,3932,10,100
4261,4032,100,10
4361,4032,10,100

Range : 4980,2159,410,310
4980,2159,100,10
5080,2159,10,100
5080,2259,200,10
5280,2259,10,200
5280,2459,100,10
5380,2369,10,100

Range : 1493,3024,110,100
1493,3114,100,10
1593,3024,10,100

Range : 1394,2522,400,100
1394,2612,200,10
1594,2522,10,100
1594,2522,200,10

Range : 2130,3266,400,460
2130,3716,100,10
2230,3356,10,370
2230,3356,200,10
2430,3266,10,100
2430,3266,100,10

Range : 935,3555,300,310
935,3555,100,10
1035,3555,10,100
1035,3655,100,10
1135,3655,10,200
1135,3855,100,10

Range : 3235,3579,200,110
3235,3579,100,10
3335,3579,10,100
3335,3679,100,10

Range : 1846,4630,410,460
1846,5080,300,10
2146,4720,10,370
2146,4720,100,10
2246,4630,10,100

Range : 4997,2754,310,370
4997,2814,100,10
5097,2814,10,100
5097,2914,100,10
5197,2914,10,200
5197,3114,100,10
5297,2754,10,370

Range : 1093,14,300,370
1093,374,100,10
1193,14,10,370
1193,14,100,10
1293,14,10,100
1293,114,100,10

Range : 3081,5511,410,210
3081,5511,100,10
3181,5511,10,100
3181,5611,100,10
3281,5521,10,100
3281,5521,100,10
3381,5521,10,100
3381,5621,100,10
3481,5621,10,100

Range : 4978,2534,310,300
4978,2534,100,10
5078,2534,10,100
5078,2634,200,10
5278,2634,10,200

Range : 2729,5442,400,10
2729,5442,400,10

Range : 1333,5146,410,370
1333,5306,100,10
1433,5306,10,100
1433,5406,200,10
1633,5406,10,100
1633,5506,100,10
1733,5146,10,370

Range : 4976,1453,310,270
4976,1713,100,10
5076,1533,10,190
5076,1533,100,10
5176,1533,10,100
5176,1633,100,10
5276,1453,10,190

Range : 236,4516,400,10
236,4516,400,10

Range : 2951,2432,210,300
2951,2432,100,10
3051,2432,10,200
3051,2632,100,10
3151,2632,10,100

Range : 1441,4971,300,110
1441,4971,100,10
1541,4971,10,100
1541,5071,200,10

Range : 2339,2468,600,310
2339,2468,400,10
2739,2468,10,100
2739,2568,100,10
2839,2568,10,200
2839,2768,100,10

Range : 184,3724,210,370
184,4084,100,10
284,3904,10,190
284,3904,100,10
384,3724,10,190

Range : 3284,2545,210,200
3284,2545,100,10
3384,2545,10,100
3384,2645,100,10
3484,2645,10,100

Range : 3394,3948,100,10
3394,3948,100,10

Range : 4816,3953,400,310
4816,4043,100,10
4916,3953,10,100
4916,3953,100,10
5016,3953,10,300
5016,4253,200,10

Range : 3340,4232,210,100
3340,4322,200,10
3540,4232,10,100

Range : 2294,4794,400,190
2294,4974,100,10
2394,4794,10,190
2394,4794,200,10
2594,4794,10,100
2594,4894,100,10

Range : 1146,5660,310,400
1146,5660,200,10
1346,5660,10,100
1346,5760,100,10
1446,5760,10,300

Range : 1192,4446,110,100
1192,4536,100,10
1292,4446,10,100

Range : 1867,907,410,190
1867,987,100,10
1967,987,10,100
1967,1087,300,10
2267,907,10,190

Range : 1377,3791,600,280
1377,4061,200,10
1577,3791,10,280
1577,3791,400,10

Range : 308,4221,110,280
308,4491,100,10
408,4221,10,280

Range : 3885,4425,210,200
3885,4425,100,10
3985,4425,10,100
3985,4525,100,10
4085,4525,10,100

Range : 91,2093,500,310
91,2093,400,10
491,2093,10,300
491,2393,100,10

Range : 2722,5537,100,10
2722,5537,100,10

Range : 953,560,500,280
953,830,200,10
1153,560,10,280
1153,560,300,10

Range : 622,2664,300,190
622,2744,100,10
722,2744,10,100
722,2844,100,10
822,2664,10,190
822,2664,100,10

Range : 2614,4916,310,190
2614,4996,100,10
2714,4996,10,100
2714,5096,100,10
2814,5006,10,100
2814,5006,100,10
2914,4916,10,100

Range : 100,3483,310,200
100,3573,100,10
200,3483,10,100
200,3483,200,10
400,3483,10,200

Range : 4107,1083,600,100
4107,1173,300,10
4407,1083,10,100
4407,1083,300,10

Range : 1039,1261,300,110
1039,1261,100,10
1139,1261,10,100
1139,1361,200,10

Range : 1393,1654,600,280
1393,1924,300,10
1693,1744,10,190
1693,1744,200,10
1893,1654,10,100
1893,1654,100,10

Range : 3061,4416,310,410
3061,4416,200,10
3261,4416,10,400
3261,4816,100,10
3361,4546,10,280

Range : 51,4996,300,100
51,5086,200,10
251,4996,10,100
251,4996,100,10

Range : 1119,2820,400,190
1119,3000,300,10
1419,2820,10,190
1419,2820,100,10

Range : 1388,2705,210,100
1388,2705,200,10
1588,2705,10,100

Range : 1777,3510,310,200
1777,3510,100,10
1877,3510,10,100
1877,3610,200,10
2077,3610,10,100

Range : 1345,3123,100,10
1345,3123,100,10

Range : 1841,2408,310,280
1841,2478,100,10
1941,2478,10,100
1941,2578,100,10
2041,2578,10,100
2041,2678,100,10
2141,2408,10,280

Range : 4283,1833,310,110
4283,1833,100,10
4383,1833,10,100
4383,1933,200,10
4583,1843,10,100

Range : 4497,1146,210,280
4497,1416,200,10
4697,1146,10,280

Range : 1904,5543,210,370
1904,5803,100,10
2004,5803,10,100
2004,5903,100,10
2104,5543,10,370

Range : 968,1435,200,100
968,1525,100,10
1068,1435,10,100
1068,1435,100,10

Range : 4124,1316,500,220
4124,1316,100,10
4224,1316,10,100
4224,1416,100,10
4324,1326,10,100
4324,1326,100,10
4424,1326,10,200
4424,1526,200,10

Range : 2402,848,210,300
2402,1118,100,10
2502,848,10,280
2502,848,100,10
2602,848,10,300

Range : 4634,2074,210,280
4634,2344,100,10
4734,2074,10,280
4734,2074,100,10
4834,2074,10,100

Range : 980,5081,410,210
980,5081,100,10
1080,5081,10,100
1080,5181,100,10
1180,5181,10,100
1180,5281,200,10
1380,5101,10,190

Range : 2810,5798,410,280
2810,5868,100,10
2910,5868,10,100
2910,5968,100,10
3010,5968,10,100
3010,6068,100,10
3110,5798,10,280
3110,5798,100,10
3210,5798,10,100

Range : 4402,5289,300,210
4402,5379,100,10
4502,5289,10,100
4502,5289,100,10
4602,5289,10,200
4602,5489,100,10

Range : 2883,2368,210,200
2883,2368,200,10
3083,2368,10,200

Range : 1445,4031,410,280
1445,4301,400,10
1845,4031,10,280

Range : 1299,897,200,110
1299,897,100,10
1399,897,10,100
1399,997,100,10

Range : 1501,4625,510,190
1501,4805,100,10
1601,4625,10,190
1601,4625,200,10
1801,4625,10,100
1801,4725,200,10
2001,4635,10,100

Range : 2660,2117,300,310
2660,2117,100,10
2760,2117,10,300
2760,2417,200,10

Range : 1383,2425,210,110
1383,2425,100,10
1483,2425,10,100
1483,2525,100,10
1583,2435,10,100

Range : 5209,5420,400,210
5209,5420,200,10
5409,5420,10,100
5409,5520,100,10
5509,5520,10,100
5509,5620,100,10

Range : 2514,5020,110,190
2514,5200,100,10
2614,5020,10,190

Range : 898,5201,210,190
898,5381,200,10
1098,5201,10,190

Range : 839,5034,110,300
839,5034,100,10
939,5034,10,300

Range : 4931,4357,400,210
4931,4357,100,10
5031,4357,10,200
5031,4557,100,10
5131,4377,10,190
5131,4377,200,10

Range : 3437,723,210,280
3437,993,100,10
3537,723,10,280
3537,723,100,10
3637,723,10,100

Range : 3971,2003,400,460
3971,2453,200,10
4171,2003,10,460
4171,2003,100,10
4271,2003,10,100
4271,2103,100,10

Range : 1849,1914,500,100
1849,2004,300,10
2149,1914,10,100
2149,1914,200,10

Range : 225,772,310,400
225,772,100,10
325,772,10,200
325,972,100,10
425,972,10,100
425,1072,100,10
525,1072,10,100

Range : 4953,3502,110,280
4953,3772,100,10
5053,3502,10,280

Range : 2274,5227,500,110
2274,5227,400,10
2674,5227,10,100
2674,5327,100,10

Range : 4722,1168,200,100
4722,1258,100,10
4822,1168,10,100
4822,1168,100,10

Range : 977,1698,210,460
977,2048,100,10
1077,2048,10,100
1077,2148,100,10
1177,1698,10,460

Range : 3982,2247,410,370
3982,2607,100,10
4082,2517,10,100
4082,2517,100,10
4182,2247,10,280
4182,2247,100,10
4282,2247,10,100
4282,2347,100,10
4382,2347,10,100

Range : 5181,29,210,200
5181,209,100,10
5281,29,10,190
5281,29,100,10
5381,29,10,200

Range : 1906,5352,210,100
1906,5352,200,10
2106,5352,10,100

Range : 3696,5351,200,110
3696,5351,100,10
3796,5351,10,100
3796,5451,100,10

Range : 2727,1169,200,210
2727,1169,100,10
2827,1169,10,200
2827,1369,100,10

Range : 786,3387,310,110
786,3477,100,10
886,3387,10,100
886,3387,100,10
986,3387,10,100
986,3487,100,10
1086,3397,10,100

Range : 546,4286,110,300
546,4286,100,10
646,4286,10,300

Range : 4105,5455,310,370
4105,5815,100,10
4205,5635,10,190
4205,5635,100,10
4305,5545,10,100
4305,5545,100,10
4405,5455,10,100

Range : 2080,2461,110,280
2080,2731,100,10
2180,2461,10,280

Range : 833,3598,500,310
833,3598,100,10
933,3598,10,200
933,3798,100,10
1033,3798,10,100
1033,3898,300,10

Range : 1733,2018,210,200
1733,2018,100,10
1833,2018,10,100
1833,2118,100,10
1933,2118,10,100

Range : 2363,1424,200,10
2363,1424,200,10

Range : 715,2827,210,100
715,2917,200,10
915,2827,10,100

Range : 3993,3976,210,280
3993,4246,100,10
4093,4066,10,190
4093,4066,100,10
4193,3976,10,100

Range : 4959,3161,110,100
4959,3161,100,10
5059,3161,10,100

Range : 2096,3094,210,100
2096,3184,200,10
2296,3094,10,100

Range : 1375,3172,400,280
1375,3242,100,10
1475,3242,10,200
1475,3442,100,10
1575,3172,10,280
1575,3172,200,10

Range : 347,3189,300,110
347,3189,100,10
447,3189,10,100
447,3289,100,10
547,3199,10,100
547,3199,100,10

Range : 1021,948,300,100
1021,1038,100,10
1121,948,10,100
1121,948,200,10

Range : 3627,5516,310,190
3627,5696,100,10
3727,5606,10,100
3727,5606,200,10
3927,5516,10,100

Range : 4507,228,500,190
4507,408,100,10
4607,318,10,100
4607,318,100,10
4707,228,10,100
4707,228,100,10
4807,228,10,100
4807,328,200,10

Range : 1092,1395,310,210
1092,1395,100,10
1192,1395,10,200
1192,1595,100,10
1292,1505,10,100
1292,1505,100,10
1392,1505,10,100

Range : 3434,2904,400,110
3434,2904,100,10
3534,2904,10,100
3534,3004,100,10
3634,2914,10,100
3634,2914,200,10

Range : 2108,732,310,300
2108,822,200,10
2308,732,10,100
2308,732,100,10
2408,732,10,300

Range : 1031,5642,600,10
1031,5642,600,10

Range : 1886,3993,600,190
1886,4173,400,10
2286,3993,10,190
2286,3993,100,10
2386,3993,10,100
2386,4093,100,10

Range : 1207,243,300,280
1207,513,100,10
1307,333,10,190
1307,333,100,10
1407,243,10,100
1407,243,100,10

Range : 222,3229,200,190
222,3409,100,10
322,3229,10,190
322,3229,100,10

Range : 1743,5360,310,310
1743,5360,100,10
1843,5360,10,300
1843,5660,200,10
2043,5390,10,280

Range : 2702,4486,300,280
2702,4756,100,10
2802,4486,10,280
2802,4486,200,10

Range : 4782,4681,310,110
4782,4681,100,10
4882,4681,10,100
4882,4781,100,10
4982,4691,10,100
4982,4691,100,10
5082,4691,10,100

Range : 2069,2197,200,10
2069,2197,200,10

Range : 4625,3099,310,210
4625,3099,100,10
4725,3099,10,200
4725,3299,200,10
4925,3209,10,100

Range : 2887,5368,100,10
2887,5368,100,10

Range : 1289,791,500,210
1289,881,200,10
1489,791,10,100
1489,791,100,10
1589,791,10,200
1589,991,200,10

Range : 132,4625,210,200
132,4625,100,10
232,4625,10,100
232,4725,100,10
332,4725,10,100

Range : 3033,728,500,210
3033,818,100,10
3133,728,10,100
3133,728,100,10
3233,728,10,100
3233,828,200,10
3433,828,10,100
3433,928,100,10

Range : 3435,5324,300,110
3435,5324,200,10
3635,5324,10,100
3635,5424,100,10

Range : 2529,4717,200,10
2529,4717,200,10

Range : 2184,2228,100,10
2184,2228,100,10

Range : 4979,2485,210,100
4979,2485,200,10
5179,2485,10,100

Range : 1668,2732,410,110
1668,2732,100,10
1768,2732,10,100
1768,2832,300,10
2068,2742,10,100

Range : 1507,-96,500,460
1507,354,200,10
1707,174,10,190
1707,174,100,10
1807,-6,10,190
1807,-6,100,10
1907,-96,10,100
1907,-96,100,10

Range : 4866,3785,100,10
4866,3785,100,10

Range : 281,1275,410,280
281,1545,300,10
581,1365,10,190
581,1365,100,10
681,1275,10,100

Range : 3022,3636,310,190
3022,3716,100,10
3122,3716,10,100
3122,3816,200,10
3322,3636,10,190

Range : 1013,5775,210,500
1013,5775,100,10
1113,5775,10,300
1113,6075,100,10
1213,6075,10,200

Range : 3789,5055,310,210
3789,5055,200,10
3989,5055,10,200
3989,5255,100,10
4089,5165,10,100

Range : 139,1850,500,100
139,1940,300,10
439,1850,10,100
439,1850,200,10

Range : 3410,5827,210,400
3410,5827,100,10
3510,5827,10,200
3510,6027,100,10
3610,6027,10,200

Range : 4752,2566,300,210
4752,2566,100,10
4852,2566,10,100
4852,2666,100,10
4952,2666,10,100
4952,2766,100,10

Range : 3277,1645,200,10
3277,1645,200,10

Range : 3090,3304,400,210
3090,3304,200,10
3290,3304,10,200
3290,3504,200,10

Range : 615,1098,500,310
615,1188,100,10
715,1098,10,100
715,1098,100,10
815,1098,10,300
815,1398,200,10
1015,1308,10,100
1015,1308,100,10

Range : 1613,3445,300,100
1613,3535,100,10
1713,3445,10,100
1713,3445,200,10

Range : 2623,5899,310,210
2623,5899,100,10
2723,5899,10,200
2723,6099,200,10
2923,6009,10,100

Range : 4319,3265,310,300
4319,3265,300,10
4619,3265,10,300

Range : 4194,4445,200,110
4194,4445,100,10
4294,4445,10,100
4294,4545,100,10

Range : 2404,609,200,100
2404,699,100,10
2504,609,10,100
2504,609,100,10

Range : 1044,4764,310,300
1044,5034,100,10
1144,4854,10,190
1144,4854,100,10
1244,4764,10,100
1244,4764,100,10
1344,4764,10,300

Range : 2678,1616,310,190
2678,1796,100,10
2778,1706,10,100
2778,1706,200,10
2978,1616,10,100

Range : 2587,3772,210,280
2587,4042,200,10
2787,3772,10,280

Range : 4605,340,110,100
4605,430,100,10
4705,340,10,100

Range : 2148,2275,210,100
2148,2365,200,10
2348,2275,10,100

Range : 2484,1827,400,190
2484,1907,100,10
2584,1907,10,100
2584,2007,100,10
2684,1827,10,190
2684,1827,200,10

Range : 1280,1895,200,110
1280,1895,100,10
1380,1895,10,100
1380,1995,100,10

Range : 3411,2019,110,280
3411,2289,100,10
3511,2019,10,280

Range : 2012,5050,510,190
2012,5130,100,10
2112,5130,10,100
2112,5230,100,10
2212,5140,10,100
2212,5140,100,10
2312,5050,10,100
2312,5050,200,10
2512,5050,10,100

Range : 2981,4897,300,190
2981,5077,100,10
3081,4897,10,190
3081,4897,200,10

Range : 707,210,210,370
707,570,100,10
807,480,10,100
807,480,100,10
907,210,10,280

Range : 920,3517,100,10
920,3517,100,10

Range : 2451,5619,300,100
2451,5709,100,10
2551,5619,10,100
2551,5619,200,10

Range : 659,2375,300,210
659,2465,100,10
759,2375,10,100
759,2375,100,10
859,2375,10,200
859,2575,100,10

Range : 1368,4387,410,200
1368,4387,200,10
1568,4387,10,100
1568,4487,200,10
1768,4487,10,100

Range : 1708,5608,110,100
1708,5698,100,10
1808,5608,10,100

Range : 3168,298,510,100
3168,388,300,10
3468,298,10,100
3468,298,200,10
3668,298,10,100

Range : 4187,626,310,460
4187,976,100,10
4287,976,10,100
4287,1076,100,10
4387,986,10,100
4387,986,100,10
4487,626,10,370

Range : 1163,1658,200,310
1163,1658,100,10
1263,1658,10,300
1263,1958,100,10

Range : 4057,1951,110,400
4057,1951,100,10
4157,1951,10,400

Range : 2130,1405,400,210
2130,1495,100,10
2230,1405,10,100
2230,1405,100,10
2330,1405,10,200
2330,1605,100,10
2430,1515,10,100
2430,1515,100,10

Range : 4699,2997,400,10
4699,2997,400,10

Range : 2114,4351,300,190
2114,4531,100,10
2214,4351,10,190
2214,4351,100,10
2314,4351,10,100
2314,4451,100,10

Range : 265,5220,210,100
265,5220,200,10
465,5220,10,100

Range : 4700,3314,100,10
4700,3314,100,10

Range : 869,5396,110,100
869,5486,100,10
969,5396,10,100

Range : 3963,4311,100,10
3963,4311,100,10

Range : 2015,4262,110,200
2015,4262,100,10
2115,4262,10,200

Range : 629,2556,200,100
629,2646,100,10
729,2556,10,100
729,2556,100,10

Range : 1975,4376,110,190
1975,4556,100,10
2075,4376,10,190

Range : 3481,1093,110,550
3481,1633,100,10
3581,1093,10,550

Range : 495,2573,110,500
495,2573,100,10
595,2573,10,500

Range : 1285,2188,200,210
1285,2188,100,10
1385,2188,10,200
1385,2388,100,10

Range : 1108,5374,100,10
1108,5374,100,10

Range : 366,4912,110,190
366,5092,100,10
466,4912,10,190

Range : 3045,5542,110,190
3045,5722,100,10
3145,5542,10,190

Range : 726,4448,200,10
726,4448,200,10

Range : 3134,2043,210,100
3134,2043,200,10
3334,2043,10,100

Range : 3729,4896,110,100
3729,4896,100,10
3829,4896,10,100

Range : 1767,5303,200,110
1767,5303,100,10
1867,5303,10,100
1867,5403,100,10

Range : 2919,5467,200,100
2919,5557,100,10
3019,5467,10,100
3019,5467,100,10

Range : 4759,4239,210,100
4759,4329,200,10
4959,4239,10,100

Range : 859,2652,110,500
859,2652,100,10
959,2652,10,500

Range : 240,1983,110,100
240,1983,100,10
340,1983,10,100

Range : 1533,717,310,210
1533,717,200,10
1733,717,10,200
1733,917,100,10
1833,827,10,100

Range : 1584,4733,310,190
1584,4913,100,10
1684,4733,10,190
1684,4733,100,10
1784,4733,10,100
1784,4833,100,10
1884,4743,10,100

Range : 2103,3802,310,100
2103,3802,300,10
2403,3802,10,100

Range : 4839,1343,300,110
4839,1433,100,10
4939,1343,10,100
4939,1343,100,10
5039,1343,10,100
5039,1443,100,10

Range : 823,5663,300,100
823,5753,100,10
923,5663,10,100
923,5663,200,10

Range : 315,4906,300,280
315,5176,200,10
515,4906,10,280
515,4906,100,10

Range : 766,1582,400,280
766,1852,100,10
866,1762,10,100
866,1762,100,10
966,1672,10,100
966,1672,100,10
1066,1582,10,100
1066,1582,100,10

Range : 191,4420,100,10
191,4420,100,10

Range : 4726,4512,300,10
4726,4512,300,10

Range : 4616,709,210,100
4616,709,200,10
4816,709,10,100

Range : 2544,5446,110,100
2544,5446,100,10
2644,5446,10,100

Range : 321,5732,200,10
321,5732,200,10

Range : 5133,4902,410,190
5133,5082,200,10
5333,4992,10,100
5333,4992,200,10
5533,4902,10,100

Range : 3064,5054,600,100
3064,5144,400,10
3464,5054,10,100
3464,5054,200,10

Range : 4651,4360,200,100
4651,4450,100,10
4751,4360,10,100
4751,4360,100,10

Range : 4252,1664,210,200
4252,1664,100,10
4352,1664,10,100
4352,1764,100,10
4452,1764,10,100

Range : 1015,3319,300,310
1015,3319,100,10
1115,3319,10,200
1115,3519,100,10
1215,3519,10,100
1215,3619,100,10

Range : 4276,1449,410,190
4276,1629,300,10
4576,1539,10,100
4576,1539,100,10
4676,1449,10,100

Range : 3839,1618,110,280
3839,1888,100,10
3939,1618,10,280

Range : 3636,1183,310,190
3636,1353,100,10
3736,1263,10,100
3736,1263,100,10
3836,1263,10,100
3836,1363,100,10
3936,1183,10,190

Range : 5201,5172,410,210
5201,5172,200,10
5401,5172,10,200
5401,5372,100,10
5501,5282,10,100
5501,5282,100,10
5601,5282,10,100

Range : 1597,1543,410,190
1597,1623,100,10
1697,1623,10,100
1697,1723,100,10
1797,1633,10,100
1797,1633,200,10
1997,1543,10,100

Range : 1686,1935,100,10
1686,1935,100,10

Range : 3159,4406,100,10
3159,4406,100,10

Range : 2995,5181,300,10
2995,5181,300,10

Range : 329,4566,200,10
329,4566,200,10

Range : 1288,2651,200,10
1288,2651,200,10

Range : 3731,5680,400,100
3731,5770,200,10
3931,5680,10,100
3931,5680,200,10

Range : 4625,4041,110,100
4625,4131,100,10
4725,4041,10,100

Range : 4801,2701,110,100
4801,2791,100,10
4901,2701,10,100

Range : 40,2636,200,460
40,3086,100,10
140,2636,10,460
140,2636,100,10

Range : 2015,5323,500,310
2015,5323,200,10
2215,5323,10,300
2215,5623,300,10

Range : 680,4206,210,200
680,4296,100,10
780,4206,10,100
780,4206,100,10
880,4206,10,200

Range : 2109,1115,300,110
2109,1115,100,10
2209,1115,10,100
2209,1215,200,10

Range : 4528,2361,500,110
4528,2451,100,10
4628,2361,10,100
4628,2361,300,10
4928,2361,10,100
4928,2461,100,10

Range : 332,3112,100,10
332,3112,100,10

Range : 4972,1209,300,100
4972,1299,200,10
5172,1209,10,100
5172,1209,100,10

Range : 247,3199,100,10
247,3199,100,10

Range : 763,719,300,10
763,719,300,10

Range : 4296,3695,310,310
4296,3695,100,10
4396,3695,10,100
4396,3795,100,10
4496,3795,10,200
4496,3995,100,10
4596,3905,10,100

Range : 4558,857,300,110
4558,857,200,10
4758,857,10,100
4758,957,100,10

Range : 3531,2194,200,110
3531,2194,100,10
3631,2194,10,100
3631,2294,100,10

Range : 1662,2700,100,10
1662,2700,100,10

Range : 3238,5273,200,110
3238,5273,100,10
3338,5273,10,100
3338,5373,100,10

Range : 3745,4480,200,10
3745,4480,200,10

Range : 4246,3650,100,10
4246,3650,100,10

Range : 3091,4195,200,10
3091,4195,200,10

Range : 1536,4342,100,10
1536,4342,100,10

Range : 3071,1942,300,100
3071,2032,200,10
3271,1942,10,100
3271,1942,100,10

Range : 498,2324,600,210
498,2504,100,10
598,2414,10,100
598,2414,100,10
698,2324,10,100
698,2324,200,10
898,2324,10,200
898,2524,200,10

Range : 4877,212,300,10
4877,212,300,10

Range : 2367,1260,200,10
2367,1260,200,10

Range : 907,5403,200,190
907,5583,100,10
1007,5403,10,190
1007,5403,100,10

Range : 3729,991,100,10
3729,991,100,10

Range : 5041,1932,710,110
5041,2022,100,10
5141,1932,10,100
5141,1932,300,10
5441,1932,10,100
5441,2032,300,10
5741,1942,10,100

Range : 3391,5400,200,100
3391,5490,100,10
3491,5400,10,100
3491,5400,100,10

Range : 818,1450,200,10
818,1450,200,10

Range : 58,2467,500,310
58,2467,100,10
158,2467,10,100
158,2567,300,10
458,2567,10,200
458,2767,100,10

Range : 3112,3194,110,100
3112,3194,100,10
3212,3194,10,100

Range : 1164,1989,510,190
1164,2169,300,10
1464,2079,10,100
1464,2079,200,10
1664,1989,10,100

Range : 4997,1702,210,190
4997,1882,100,10
5097,1792,10,100
5097,1792,100,10
5197,1702,10,100

Range : 3982,1754,110,190
3982,1934,100,10
4082,1754,10,190

Range : 2403,2803,100,10
2403,2803,100,10

Range : 4079,1199,100,10
4079,1199,100,10

Range : 765,731,610,190
765,911,500,10
1265,821,10,100
1265,821,100,10
1365,731,10,100

Range : 3136,4101,100,10
3136,4101,100,10

Range : 1599,3602,200,10
1599,3602,200,10

Range : 2344,2395,200,10
2344,2395,200,10

Range : 4687,1034,400,110
4687,1034,300,10
4987,1034,10,100
4987,1134,100,10

Range : 4481,5624,400,310
4481,5624,100,10
4581,5624,10,200
4581,5824,100,10
4681,5824,10,100
4681,5924,200,10

Range : 881,5842,210,110
881,5842,100,10
981,5842,10,100
981,5942,100,10
1081,5852,10,100

Range : 55,4018,200,110
55,4018,100,10
155,4018,10,100
155,4118,100,10

Range : 5059,5702,500,110
5059,5702,200,10
5259,5702,10,100
5259,5802,100,10
5359,5712,10,100
5359,5712,200,10

Range : 2008,3378,210,200
2008,3378,200,10
2208,3378,10,200

Range : 32,790,200,100
32,880,100,10
132,790,10,100
132,790,100,10

Range : 25,5533,210,200
25,5533,100,10
125,5533,10,100
125,5633,100,10
225,5633,10,100

Range : 758,1529,110,200
758,1529,100,10
858,1529,10,200

Range : 1152,1119,300,210
1152,1119,100,10
1252,1119,10,200
1252,1319,100,10
1352,1229,10,100
1352,1229,100,10

Range : 551,3944,110,300
551,3944,100,10
651,3944,10,300

Range : 1443,2640,100,10
1443,2640,100,10

Range : 1624,1297,610,190
1624,1377,200,10
1824,1377,10,100
1824,1477,100,10
1924,1387,10,100
1924,1387,300,10
2224,1297,10,100

Range : 1719,3727,500,110
1719,3727,300,10
2019,3727,10,100
2019,3827,200,10

Range : 3411,5418,110,370
3411,5778,100,10
3511,5418,10,370

Range : 746,2273,100,10
746,2273,100,10

Range : 3587,5670,300,100
3587,5760,200,10
3787,5670,10,100
3787,5670,100,10

Range : 1882,872,400,10
1882,872,400,10

Range : 1450,2661,500,110
1450,2661,400,10
1850,2661,10,100
1850,2761,100,10

Range : 433,3308,100,10
433,3308,100,10

Range : 408,1640,100,10
408,1640,100,10

Range : 2974,3988,410,200
2974,4078,100,10
3074,3988,10,100
3074,3988,100,10
3174,3988,10,100
3174,4088,200,10
3374,4088,10,100

Range : 2069,2225,200,110
2069,2225,100,10
2169,2225,10,100
2169,2325,100,10

Range : 4340,3584,100,10
4340,3584,100,10

Range : 3243,5630,110,190
3243,5810,100,10
3343,5630,10,190

Range : 1013,4686,110,300
1013,4686,100,10
1113,4686,10,300

Range : 1139,2221,210,200
1139,2221,200,10
1339,2221,10,200

Range : 1978,3887,210,100
1978,3887,200,10
2178,3887,10,100

Range : 3640,4989,110,280
3640,5259,100,10
3740,4989,10,280

Range : 110,5120,300,10
110,5120,300,10

Range : 223,5822,100,10
223,5822,100,10

Range : 1507,3644,100,10
1507,3644,100,10

Range : 4352,2717,210,280
4352,2987,100,10
4452,2807,10,190
4452,2807,100,10
4552,2717,10,100

Range : 5072,5092,200,10
5072,5092,200,10

Range : 1151,1055,100,10
1151,1055,100,10

Range : 3546,2959,110,100
3546,3049,100,10
3646,2959,10,100

Range : 4950,4948,110,100
4950,5038,100,10
5050,4948,10,100

Range : 3751,3111,400,110
3751,3111,200,10
3951,3111,10,100
3951,3211,100,10
4051,3121,10,100
4051,3121,100,10

Range : 3175,4255,100,10
3175,4255,100,10

Range : 4145,3890,100,10
4145,3890,100,10

Range : 4959,2081,100,10
4959,2081,100,10

Range : 4740,400,110,190
4740,580,100,10
4840,400,10,190

Range : 2524,5504,110,100
2524,5594,100,10
2624,5504,10,100

Range : 634,3053,200,10
634,3053,200,10

Range : 2050,2376,100,10
2050,2376,100,10

Range : 4072,224,110,200
4072,224,100,10
4172,224,10,200

Range : 3233,1472,100,10
3233,1472,100,10

Range : 2994,3964,100,10
2994,3964,100,10

Range : 696,2095,300,100
696,2185,200,10
896,2095,10,100
896,2095,100,10

Range : 4925,3811,100,10
4925,3811,100,10

Range : 449,3774,410,100
449,3864,100,10
549,3774,10,100
549,3774,300,10
849,3774,10,100

Range : 4822,2542,100,10
4822,2542,100,10

Range : 2406,2303,100,10
2406,2303,100,10

Range : 970,3218,110,100
970,3218,100,10
1070,3218,10,100

Range : 3124,4278,110,100
3124,4278,100,10
3224,4278,10,100

Range : 870,3346,210,100
870,3346,200,10
1070,3346,10,100

Range : 3930,4973,210,400
3930,4973,200,10
4130,4973,10,400

Range : 28,3154,200,110
28,3154,100,10
128,3154,10,100
128,3254,100,10

Range : 2365,2442,100,10
2365,2442,100,10

Range : 1939,1516,400,310
1939,1516,100,10
2039,1516,10,100
2039,1616,100,10
2139,1616,10,100
2139,1716,100,10
2239,1716,10,100
2239,1816,100,10

Range : 3693,4455,100,10
3693,4455,100,10

Range : 2747,2928,400,110
2747,2928,100,10
2847,2928,10,100
2847,3028,300,10

Range : 4086,2974,410,200
4086,2974,100,10
4186,2974,10,100
4186,3074,300,10
4486,3074,10,100

Range : 3717,1790,200,190
3717,1970,100,10
3817,1790,10,190
3817,1790,100,10

Range : 127,1592,200,100
127,1682,100,10
227,1592,10,100
227,1592,100,10

Range : 1309,1014,200,100
1309,1104,100,10
1409,1014,10,100
1409,1014,100,10

Range : 390,4503,100,10
390,4503,100,10

Range : 1153,2698,210,300
1153,2698,100,10
1253,2698,10,200
1253,2898,100,10
1353,2898,10,100

Range : 4722,3512,300,10
4722,3512,300,10

Range : 4142,5110,200,10
4142,5110,200,10

Range : 1508,3158,200,10
1508,3158,200,10

Range : 4769,4818,100,10
4769,4818,100,10

Range : 3433,4580,110,100
3433,4580,100,10
3533,4580,10,100

Range : 4717,2946,100,10
4717,2946,100,10

Range : 3636,3002,110,100
3636,3092,100,10
3736,3002,10,100

Range : 2126,5240,310,210
2126,5240,100,10
2226,5240,10,100
2226,5340,100,10
2326,5340,10,100
2326,5440,100,10
2426,5260,10,190

Range : 2471,4782,200,10
2471,4782,200,10

Range : 1058,2194,100,10
1058,2194,100,10

Range : 1132,5344,100,10
1132,5344,100,10

Range : 635,3023,210,100
635,3023,200,10
835,3023,10,100

Range : 182,2456,400,10
182,2456,400,10

Range : 2674,3635,310,210
2674,3635,200,10
2874,3635,10,200
2874,3835,100,10
2974,3745,10,100

Range : 5123,402,500,210
5123,402,200,10
5323,402,10,200
5323,602,100,10
5423,512,10,100
5423,512,100,10
5523,422,10,100
5523,422,100,10

Range : 3471,3648,100,10
3471,3648,100,10

Range : 3476,3064,110,100
3476,3154,100,10
3576,3064,10,100

Range : 3036,3854,110,100
3036,3944,100,10
3136,3854,10,100

Range : 1145,3154,310,210
1145,3154,200,10
1345,3154,10,200
1345,3354,100,10
1445,3264,10,100

Range : 420,3122,110,100
420,3122,100,10
520,3122,10,100

Range : 5155,4293,400,310
5155,4293,300,10
5455,4293,10,300
5455,4593,100,10

Range : 3010,3747,110,100
3010,3837,100,10
3110,3747,10,100

Range : 1252,4627,300,110
1252,4627,200,10
1452,4627,10,100
1452,4727,100,10

Range : 2665,2026,400,10
2665,2026,400,10

Range : 3394,1072,310,200
3394,1072,300,10
3694,1072,10,200

Range : 2134,5719,300,100
2134,5809,100,10
2234,5719,10,100
2234,5719,200,10

Range : 3674,1950,310,190
3674,2130,200,10
3874,2040,10,100
3874,2040,100,10
3974,1950,10,100

Range : 860,1950,200,10
860,1950,200,10

Range : 2220,1258,200,110
2220,1258,100,10
2320,1258,10,100
2320,1358,100,10

Range : 1760,5171,400,110
1760,5171,100,10
1860,5171,10,100
1860,5271,300,10

Range : 825,1022,110,300
825,1022,100,10
925,1022,10,300

Range : 2451,634,110,190
2451,814,100,10
2551,634,10,190

Range : 1184,5372,200,100
1184,5462,100,10
1284,5372,10,100
1284,5372,100,10

Range : 3777,3085,100,10
3777,3085,100,10

Range : 482,3794,110,100
482,3884,100,10
582,3794,10,100

Range : 5133,5745,110,100
5133,5835,100,10
5233,5745,10,100

Range : 1496,2230,100,10
1496,2230,100,10

Range : 61,3909,110,100
61,3909,100,10
161,3909,10,100

Range : 2914,3046,210,100
2914,3046,200,10
3114,3046,10,100

Range : 4574,3035,100,10
4574,3035,100,10

Range : 4687,3363,200,10
4687,3363,200,10

Range : 2736,2816,110,100
2736,2906,100,10
2836,2816,10,100

Range : 369,538,210,100
369,538,200,10
569,538,10,100

Range : 2564,5705,110,190
2564,5885,100,10
2664,5705,10,190

Range : 4494,3104,110,100
4494,3194,100,10
4594,3104,10,100

Range : 5180,3568,210,700
5180,3568,100,10
5280,3568,10,300
5280,3868,100,10
5380,3868,10,400

Range : 743,5544,200,10
743,5544,200,10

Range : 745,2290,100,10
745,2290,100,10

Range : 3948,4141,400,280
3948,4411,100,10
4048,4321,10,100
4048,4321,100,10
4148,4231,10,100
4148,4231,100,10
4248,4141,10,100
4248,4141,100,10

Range : 629,1651,200,10
629,1651,200,10

Range : 3711,1094,210,200
3711,1094,100,10
3811,1094,10,100
3811,1194,100,10
3911,1194,10,100

Range : 18,3879,100,10
18,3879,100,10

Range : 2905,3886,100,10
2905,3886,100,10

Range : 1631,3545,100,10
1631,3545,100,10

Range : 4655,2405,200,100
4655,2495,100,10
4755,2405,10,100
4755,2405,100,10

Range : 1805,444,210,400
1805,444,100,10
1905,444,10,200
1905,644,100,10
2005,644,10,200

Range : 1885,2867,100,10
1885,2867,100,10

Range : 4778,3834,400,110
4778,3834,200,10
4978,3834,10,100
4978,3934,100,10
5078,3844,10,100
5078,3844,100,10

Range : 1342,4277,100,10
1342,4277,100,10

Range : 3648,1018,100,10
3648,1018,100,10

Range : 3235,4831,300,10
3235,4831,300,10

Range : 3467,4546,500,210
3467,4546,100,10
3567,4546,10,100
3567,4646,100,10
3667,4646,10,100
3667,4746,300,10

Range : 1447,4373,100,10
1447,4373,100,10

Range : 2619,1579,110,200
2619,1579,100,10
2719,1579,10,200

Range : 788,2108,210,100
788,2198,200,10
988,2108,10,100

Range : 2471,2237,200,100
2471,2327,100,10
2571,2237,10,100
2571,2237,100,10

Range : 4653,4340,100,10
4653,4340,100,10

Range : 2857,5602,200,10
2857,5602,200,10

Range : 2961,1439,200,10
2961,1439,200,10

Range : 3452,5266,100,10
3452,5266,100,10

Range : 3264,4402,110,100
3264,4402,100,10
3364,4402,10,100

Range : 722,1028,100,10
722,1028,100,10

Range : 3289,3872,100,10
3289,3872,100,10

Range : 4481,4187,310,100
4481,4187,300,10
4781,4187,10,100

Range : 3895,5874,510,200
3895,5874,100,10
3995,5874,10,100
3995,5974,400,10
4395,5974,10,100

Range : 2602,4770,100,10
2602,4770,100,10

Range : 2549,4065,300,110
2549,4065,100,10
2649,4065,10,100
2649,4165,200,10

Range : 2352,4557,400,190
2352,4737,100,10
2452,4647,10,100
2452,4647,100,10
2552,4557,10,100
2552,4557,200,10

Range : 1816,3420,100,10
1816,3420,100,10

Range : 4831,4971,100,10
4831,4971,100,10

Range : 2428,1152,200,10
2428,1152,200,10

Range : 3729,4346,200,110
3729,4346,100,10
3829,4346,10,100
3829,4446,100,10

Range : 2808,5659,300,110
2808,5659,200,10
3008,5659,10,100
3008,5759,100,10

Range : 142,1539,100,10
142,1539,100,10

Range : 23,5404,410,110
23,5404,100,10
123,5404,10,100
123,5504,300,10
423,5414,10,100

Range : 2955,1426,100,10
2955,1426,100,10

Range : 202,4547,200,10
202,4547,200,10

Range : 2875,5425,100,10
2875,5425,100,10

Range : 62,480,310,280
62,750,100,10
162,480,10,280
162,480,100,10
262,480,10,100
262,580,100,10
362,580,10,100

Range : 4255,1947,200,10
4255,1947,200,10

Range : 3350,1388,200,190
3350,1568,100,10
3450,1388,10,190
3450,1388,100,10

Range : 4962,4948,300,190
4962,5128,100,10
5062,4948,10,190
5062,4948,100,10
5162,4948,10,100
5162,5048,100,10

Range : 2302,1060,200,10
2302,1060,200,10

Range : 4461,4879,110,300
4461,4879,100,10
4561,4879,10,300

Range : 4672,4901,100,10
4672,4901,100,10

Range : 308,5862,300,110
308,5862,100,10
408,5862,10,100
408,5962,200,10

Range : 3535,845,110,190
3535,1025,100,10
3635,845,10,190

Range : 4661,4398,300,110
4661,4488,100,10
4761,4398,10,100
4761,4398,100,10
4861,4398,10,100
4861,4498,100,10

Range : 2649,5381,100,10
2649,5381,100,10

Range : 288,5343,110,100
288,5343,100,10
388,5343,10,100

Range : 120,4409,200,10
120,4409,200,10

Range : 1191,993,200,100
1191,1083,100,10
1291,993,10,100
1291,993,100,10

Range : 4164,4646,210,110
4164,4646,100,10
4264,4646,10,100
4264,4746,100,10
4364,4656,10,100

Range : 1249,3111,100,10
1249,3111,100,10

Range : 5003,1196,200,10
5003,1196,200,10

Range : 542,1984,110,200
542,1984,100,10
642,1984,10,200

Range : 2062,3200,110,100
2062,3200,100,10
2162,3200,10,100

Range : 1702,4344,100,10
1702,4344,100,10

Range : 3947,1158,210,600
3947,1158,100,10
4047,1158,10,400
4047,1558,100,10
4147,1558,10,200

Range : 4046,2819,110,100
4046,2819,100,10
4146,2819,10,100

Range : 316,5531,210,200
316,5531,100,10
416,5531,10,100
416,5631,100,10
516,5631,10,100

Range : 253,5203,400,10
253,5203,400,10

Range : 4033,2602,310,400
4033,2782,100,10
4133,2692,10,100
4133,2692,100,10
4233,2602,10,100
4233,2602,100,10
4333,2602,10,400

Range : 1373,4752,110,190
1373,4932,100,10
1473,4752,10,190

Range : 1954,3070,300,110
1954,3070,200,10
2154,3070,10,100
2154,3170,100,10

Range : 4086,4635,200,10
4086,4635,200,10

Range : 2320,718,100,10
2320,718,100,10

Range : 4022,1058,210,100
4022,1058,200,10
4222,1058,10,100

Range : 3198,1440,100,10
3198,1440,100,10

Range : 2665,808,110,190
2665,988,100,10
2765,808,10,190

Range : 3362,3049,110,200
3362,3049,100,10
3462,3049,10,200

Range : 646,1641,200,10
646,1641,200,10

Range : 4613,4750,200,10
4613,4750,200,10

Range : 1827,4314,210,190
1827,4494,100,10
1927,4404,10,100
1927,4404,100,10
2027,4314,10,100

Range : 2486,2448,310,100
2486,2448,300,10
2786,2448,10,100

Range : 677,922,210,100
677,922,200,10
877,922,10,100

Range : 3224,690,500,10
3224,690,500,10

Range : 740,1487,100,10
740,1487,100,10

Range : 1530,3586,200,10
1530,3586,200,10

Range : 49,3571,210,280
49,3841,100,10
149,3751,10,100
149,3751,100,10
249,3571,10,190

Range : 176,2147,210,280
176,2417,100,10
276,2237,10,190
276,2237,100,10
376,2147,10,100

Range : 773,3908,410,200
773,3908,400,10
1173,3908,10,200

Range : 3618,4189,300,100
3618,4279,200,10
3818,4189,10,100
3818,4189,100,10

Range : 1557,5677,200,10
1557,5677,200,10

Range : 1593,4315,200,10
1593,4315,200,10

Range : 4596,4873,200,10
4596,4873,200,10

Range : 3102,982,210,100
3102,982,200,10
3302,982,10,100

Range : 81,4463,300,10
81,4463,300,10

Range : 2577,443,210,280
2577,713,100,10
2677,623,10,100
2677,623,100,10
2777,443,10,190

Range : 3297,944,200,10
3297,944,200,10

Range : 533,3098,100,10
533,3098,100,10

Range : 1537,3127,200,10
1537,3127,200,10

Range : 35,1595,600,190
35,1775,500,10
535,1595,10,190
535,1595,100,10

Range : 18,1479,200,100
18,1569,100,10
118,1479,10,100
118,1479,100,10

Range : 4676,3411,300,10
4676,3411,300,10

Range : 774,3246,110,100
774,3336,100,10
874,3246,10,100

Range : 3764,5888,600,210
3764,5888,100,10
3864,5888,10,100
3864,5988,100,10
3964,5988,10,100
3964,6088,200,10
4164,5998,10,100
4164,5998,200,10

Range : 4577,3070,100,10
4577,3070,100,10

Range : 4798,4585,210,100
4798,4585,200,10
4998,4585,10,100

Range : 1530,1235,110,100
1530,1235,100,10
1630,1235,10,100

Range : 182,4959,100,10
182,4959,100,10

Range : 102,5228,100,10
102,5228,100,10

Range : 5137,5660,100,10
5137,5660,100,10

Range : 117,5270,300,210
117,5270,100,10
217,5270,10,200
217,5470,200,10

Range : 394,1568,100,10
394,1568,100,10

Range : 2060,4513,300,100
2060,4603,200,10
2260,4513,10,100
2260,4513,100,10

Range : 1646,3702,100,10
1646,3702,100,10

Range : 2249,5674,200,10
2249,5674,200,10

Range : 3931,1027,100,10
3931,1027,100,10

Range : 2287,5691,200,10
2287,5691,200,10

Range : 3720,4769,210,110
3720,4769,100,10
3820,4769,10,100
3820,4869,100,10
3920,4779,10,100

Range : 2628,2430,200,10
2628,2430,200,10

Range : 3192,3912,110,100
3192,3912,100,10
3292,3912,10,100

Range : 2830,1437,100,10
2830,1437,100,10

Range : 1647,5715,300,110
1647,5715,200,10
1847,5715,10,100
1847,5815,100,10

Range : 1013,3195,110,100
1013,3195,100,10
1113,3195,10,100

Range : 2820,5392,100,10
2820,5392,100,10

Range : 4491,3224,100,10
4491,3224,100,10

Range : 3173,2745,210,370
3173,3105,100,10
3273,2925,10,190
3273,2925,100,10
3373,2745,10,190

Range : 3811,4167,100,10
3811,4167,100,10

Range : 1499,5754,300,100
1499,5844,200,10
1699,5754,10,100
1699,5754,100,10

Range : 2408,5821,200,10
2408,5821,200,10

Range : 5065,2026,110,100
5065,2116,100,10
5165,2026,10,100

Range : 709,1443,100,10
709,1443,100,10

Range : 912,5019,100,10
912,5019,100,10

Range : 3482,5303,100,10
3482,5303,100,10

Range : 3780,4300,200,10
3780,4300,200,10

Range : 4589,3920,110,100
4589,4010,100,10
4689,3920,10,100

Range : 4659,4942,100,10
4659,4942,100,10

Range : 46,2011,100,10
46,2011,100,10

Range : 2263,2385,200,10
2263,2385,200,10

Range : 1650,2484,100,10
1650,2484,100,10

Range : 49,5187,100,10
49,5187,100,10

Range : 2326,5839,300,210
2326,5839,100,10
2426,5839,10,200
2426,6039,100,10
2526,5859,10,190
2526,5859,100,10

Range : 2844,5266,210,100
2844,5356,200,10
3044,5266,10,100

Range : 4700,4176,110,100
4700,4176,100,10
4800,4176,10,100

Range : 4508,2502,100,10
4508,2502,100,10

Range : 3148,3554,200,10
3148,3554,200,10

Range : 2871,1461,100,10
2871,1461,100,10

Range : 4683,3444,100,10
4683,3444,100,10

Range : 5035,1177,100,10
5035,1177,100,10

Range : 4353,1111,210,300
4353,1201,100,10
4453,1111,10,100
4453,1111,100,10
4553,1111,10,300

Range : 1792,2942,310,100
1792,3032,300,10
2092,2942,10,100

Range : 308,5845,210,100
308,5845,200,10
508,5845,10,100

Range : 5013,1325,210,300
5013,1325,100,10
5113,1325,10,100
5113,1425,100,10
5213,1425,10,200

Range : 3856,2436,300,10
3856,2436,300,10

Range : 1612,3772,100,10
1612,3772,100,10

Range : 3885,2682,100,10
3885,2682,100,10

Range : 1121,5573,100,10
1121,5573,100,10

Range : 4501,4032,110,100
4501,4032,100,10
4601,4032,10,100

Range : 3611,3759,410,190
3611,3939,200,10
3811,3849,10,100
3811,3849,200,10
4011,3759,10,100

Range : 5015,1964,310,190
5015,2144,200,10
5215,2054,10,100
5215,2054,100,10
5315,1964,10,100

Range : 2353,4894,200,100
2353,4984,100,10
2453,4894,10,100
2453,4894,100,10

Range : 3592,5499,110,100
3592,5499,100,10
3692,5499,10,100

Range : 3032,4227,100,10
3032,4227,100,10

Range : 92,5670,110,100
92,5760,100,10
192,5670,10,100

Range : 2222,3765,100,10
2222,3765,100,10

Range : 3179,4857,100,10
3179,4857,100,10

Range : 3312,989,100,10
3312,989,100,10

Range : 4163,3729,100,10
4163,3729,100,10

Range : 3421,1673,300,510
3421,1673,200,10
3621,1673,10,500
3621,2173,100,10

Range : 2128,4037,210,280
2128,4307,200,10
2328,4037,10,280

Range : 4516,5592,310,300
4516,5592,200,10
4716,5592,10,200
4716,5792,100,10
4816,5792,10,100

Range : 4853,2870,210,100
4853,2870,200,10
5053,2870,10,100

Range : 1977,5308,200,10
1977,5308,200,10

Range : 1151,3067,100,10
1151,3067,100,10

Range : 420,5253,310,400
420,5343,100,10
520,5253,10,100
520,5253,100,10
620,5253,10,200
620,5453,100,10
720,5453,10,200

Range : 1154,5521,110,100
1154,5521,100,10
1254,5521,10,100

Range : 4171,3710,110,100
4171,3800,100,10
4271,3710,10,100

Range : 2657,2081,200,10
2657,2081,200,10

Range : 922,5622,100,10
922,5622,100,10

Range : 595,3211,110,100
595,3301,100,10
695,3211,10,100

Range : 3321,3860,100,10
3321,3860,100,10

Range : 3672,2709,110,190
3672,2889,100,10
3772,2709,10,190

Range : 581,1584,200,10
581,1584,200,10

Range : 3683,5210,300,100
3683,5300,200,10
3883,5210,10,100
3883,5210,100,10

Range : 1623,2641,100,10
1623,2641,100,10

Range : 2399,4747,200,10
2399,4747,200,10

Range : 5073,3764,200,10
5073,3764,200,10

Range : 2684,759,510,370
2684,1119,100,10
2784,1029,10,100
2784,1029,300,10
3084,939,10,100
3084,939,100,10
3184,759,10,190

Range : 3208,5293,110,190
3208,5473,100,10
3308,5293,10,190

Range : 4717,3471,100,10
4717,3471,100,10

Range : 246,5811,100,10
246,5811,100,10

Range : 658,2257,610,110
658,2257,300,10
958,2257,10,100
958,2357,100,10
1058,2267,10,100
1058,2267,200,10
1258,2267,10,100

Range : 1474,3466,200,10
1474,3466,200,10

Range : 4098,4604,100,10
4098,4604,100,10

Range : 371,3068,100,10
371,3068,100,10

Range : 1730,1824,110,190
1730,2004,100,10
1830,1824,10,190

Range : 2849,5584,100,10
2849,5584,100,10

Range : 4425,4778,200,100
4425,4868,100,10
4525,4778,10,100
4525,4778,100,10

Range : 193,280,310,210
193,280,100,10
293,280,10,100
293,380,100,10
393,380,10,100
393,480,100,10
493,390,10,100

Range : 4703,4828,100,10
4703,4828,100,10

Range : 4463,4045,110,100
4463,4135,100,10
4563,4045,10,100

Range : 4626,984,100,10
4626,984,100,10

Range : 1780,4529,200,10
1780,4529,200,10

Range : 3479,1650,100,10
3479,1650,100,10

Range : 4810,1395,210,100
4810,1485,200,10
5010,1395,10,100

Range : 5179,5155,100,10
5179,5155,100,10

Range : 1905,4246,110,100
1905,4246,100,10
2005,4246,10,100

Range : 3459,4227,110,190
3459,4407,100,10
3559,4227,10,190

Range : 864,5780,100,10
864,5780,100,10

Range : 4571,2982,100,10
4571,2982,100,10

Range : 1098,4654,110,200
1098,4654,100,10
1198,4654,10,200

Range : 3092,2127,410,190
3092,2307,200,10
3292,2217,10,100
3292,2217,100,10
3392,2127,10,100
3392,2127,100,10
3492,2127,10,100

Range : 993,2704,100,10
993,2704,100,10

Range : 4037,1039,100,10
4037,1039,100,10

Range : 2925,207,300,210
2925,207,200,10
3125,207,10,200
3125,407,100,10

Range : 1600,3625,100,10
1600,3625,100,10

Range : 4633,1018,200,10
4633,1018,200,10

Range : 936,378,110,100
936,468,100,10
1036,378,10,100

Range : 815,3521,100,10
815,3521,100,10

Range : 1357,3096,110,100
1357,3096,100,10
1457,3096,10,100

Range : 2671,5523,100,10
2671,5523,100,10

Range : 4214,5123,100,10
4214,5123,100,10

Range : 2019,3236,110,100
2019,3326,100,10
2119,3236,10,100

Range : 1039,4300,200,190
1039,4480,100,10
1139,4300,10,190
1139,4300,100,10

Range : 1468,5431,110,190
1468,5611,100,10
1568,5431,10,190

Range : 4663,3334,100,10
4663,3334,100,10

Range : 5026,3327,100,10
5026,3327,100,10

Range : 3943,5832,110,100
3943,5832,100,10
4043,5832,10,100

Range : 4207,5042,400,210
4207,5042,200,10
4407,5042,10,100
4407,5142,100,10
4507,5142,10,100
4507,5242,100,10

Range : 4728,4525,100,10
4728,4525,100,10

Range : 1560,3147,100,10
1560,3147,100,10

Range : 2800,4895,210,100
2800,4895,200,10
3000,4895,10,100

Range : 1170,3130,100,10
1170,3130,100,10

Range : 4488,2344,100,10
4488,2344,100,10

Range : 2874,2787,200,10
2874,2787,200,10

Range : 2732,5466,100,10
2732,5466,100,10

Range : 4170,1979,100,10
4170,1979,100,10

Range : 1360,4616,100,10
1360,4616,100,10

Range : 1899,5139,110,100
1899,5139,100,10
1999,5139,10,100

Range : 2921,5397,100,10
2921,5397,100,10

Range : 4626,5367,300,190
4626,5547,100,10
4726,5367,10,190
4726,5367,200,10

Range : 205,5185,100,10
205,5185,100,10

Range : 866,3175,100,10
866,3175,100,10

Range : 96,3369,110,100
96,3369,100,10
196,3369,10,100

Range : 2641,5563,100,10
2641,5563,100,10

Range : 3598,4496,210,200
3598,4496,200,10
3798,4496,10,200

Range : 2322,5655,200,10
2322,5655,200,10

Range : 824,4381,300,100
824,4471,200,10
1024,4381,10,100
1024,4381,100,10

Range : 3660,4175,110,100
3660,4175,100,10
3760,4175,10,100

Range : 1685,1028,100,10
1685,1028,100,10

Range : 4985,1310,100,10
4985,1310,100,10

Range : 1994,1401,200,100
1994,1491,100,10
2094,1401,10,100
2094,1401,100,10

Range : 1193,5500,110,100
1193,5500,100,10
1293,5500,10,100

Range : 1671,426,110,100
1671,516,100,10
1771,426,10,100

Range : 615,3173,200,10
615,3173,200,10

Range : 3441,3709,110,190
3441,3889,100,10
3541,3709,10,190

Range : 694,1412,100,10
694,1412,100,10

Range : 1850,2931,100,10
1850,2931,100,10

Range : 4540,1051,410,100
4540,1051,400,10
4940,1051,10,100

Range : 743,2961,100,10
743,2961,100,10

Range : 3440,3541,110,100
3440,3541,100,10
3540,3541,10,100

Range : 1637,3070,200,10
1637,3070,200,10

Range : 3522,5172,300,110
3522,5172,100,10
3622,5172,10,100
3622,5272,200,10

Range : 1050,2664,200,10
1050,2664,200,10

Range : 4736,2553,100,10
4736,2553,100,10

Range : 2647,1492,210,200
2647,1492,200,10
2847,1492,10,200

Range : 3036,4253,100,10
3036,4253,100,10

Range : 1242,4564,100,10
1242,4564,100,10

Range : 1594,3685,400,10
1594,3685,400,10

Range : 4948,5179,100,10
4948,5179,100,10

Range : 4149,4563,100,10
4149,4563,100,10

Range : 1224,4587,310,100
1224,4587,300,10
1524,4587,10,100

Range : 3222,4379,100,10
3222,4379,100,10

Range : 590,350,300,10
590,350,300,10

Range : 1376,4955,210,100
1376,4955,200,10
1576,4955,10,100

Range : 2775,5417,100,10
2775,5417,100,10

Range : 49,3898,100,10
49,3898,100,10

Range : 28,4743,210,200
28,4743,200,10
228,4743,10,200

Range : 3941,5552,110,100
3941,5552,100,10
4041,5552,10,100

Range : 2092,1266,100,10
2092,1266,100,10

Range : 4996,5150,100,10
4996,5150,100,10

Range : 1706,1095,110,190
1706,1275,100,10
1806,1095,10,190

Range : 3062,3611,100,10
3062,3611,100,10

Range : 617,3909,100,10
617,3909,100,10

Range : 4350,3255,200,10
4350,3255,200,10

Range : 5068,5520,200,110
5068,5520,100,10
5168,5520,10,100
5168,5620,100,10

Range : 1802,5884,310,410
1802,5884,100,10
1902,5884,10,300
1902,6184,100,10
2002,6184,10,100
2002,6284,100,10
2102,6194,10,100

Range : 851,1930,310,100
851,1930,300,10
1151,1930,10,100

Range : 2490,276,110,200
2490,276,100,10
2590,276,10,200

Range : 580,1974,400,10
580,1974,400,10

Range : 2190,5831,100,10
2190,5831,100,10

Range : 4368,3098,110,100
4368,3188,100,10
4468,3098,10,100

Range : 4811,3310,100,10
4811,3310,100,10

Range : 2494,2137,200,100
2494,2227,100,10
2594,2137,10,100
2594,2137,100,10

Range : 1760,5159,100,10
1760,5159,100,10

Range : 807,5615,100,10
807,5615,100,10

Range : 808,5009,100,10
808,5009,100,10

Range : 688,3130,100,10
688,3130,100,10

Range : 2110,1903,100,10
2110,1903,100,10

Range : 462,3731,100,10
462,3731,100,10

Range : 1613,2624,200,10
1613,2624,200,10

Range : 500,3741,100,10
500,3741,100,10

Range : 122,5515,100,10
122,5515,100,10

Range : 1725,4605,100,10
1725,4605,100,10

Range : 893,989,200,10
893,989,200,10

Range : 637,1666,100,10
637,1666,100,10

Range : 1991,2082,110,100
1991,2082,100,10
2091,2082,10,100

Range : 3978,4646,100,10
3978,4646,100,10

Range : 790,1873,100,10
790,1873,100,10

Range : 5030,3292,100,10
5030,3292,100,10

Range : 1025,2756,300,210
1025,2756,100,10
1125,2756,10,200
1125,2956,200,10

Range : 883,2549,200,100
883,2639,100,10
983,2549,10,100
983,2549,100,10

Range : 1305,2670,100,10
1305,2670,100,10

Range : 1607,4519,110,100
1607,4609,100,10
1707,4519,10,100

Range : 1765,5868,100,10
1765,5868,100,10

Range : 4843,1639,200,310
4843,1639,100,10
4943,1639,10,300
4943,1939,100,10

Range : 846,1773,300,100
846,1863,100,10
946,1773,10,100
946,1773,200,10

Range : 306,3168,100,10
306,3168,100,10

Range : 1600,4928,510,110
1600,4928,100,10
1700,4928,10,100
1700,5028,400,10
2100,4938,10,100

Range : 2537,2363,100,10
2537,2363,100,10

Range : 3165,1461,210,100
3165,1461,200,10
3365,1461,10,100

Range : 3183,3159,100,10
3183,3159,100,10

Range : 4227,4976,100,10
4227,4976,100,10

Range : 2928,1910,100,10
2928,1910,100,10

Range : 17,3959,310,370
17,4319,100,10
117,4139,10,190
117,4139,200,10
317,3959,10,190

Range : 160,4585,310,100
160,4585,300,10
460,4585,10,100

Range : 80,4948,300,10
80,4948,300,10

Range : 4446,4021,100,10
4446,4021,100,10

Range : 909,928,100,10
909,928,100,10

Range : 3721,5840,200,10
3721,5840,200,10

Range : 2867,2049,200,10
2867,2049,200,10

Range : 4238,4936,210,100
4238,5026,200,10
4438,4936,10,100

Range : 4827,1311,110,100
4827,1311,100,10
4927,1311,10,100

Range : 1498,5657,100,10
1498,5657,100,10

Range : 1230,5291,100,10
1230,5291,100,10

Range : 2899,2768,210,100
2899,2858,200,10
3099,2768,10,100

Range : 2422,1164,100,10
2422,1164,100,10

Range : 3389,1015,100,10
3389,1015,100,10

Range : 1640,1522,110,200
1640,1522,100,10
1740,1522,10,200

Range : 4749,3052,200,110
4749,3052,100,10
4849,3052,10,100
4849,3152,100,10

Range : 1352,4320,200,10
1352,4320,200,10

Range : 2508,2419,100,10
2508,2419,100,10

Range : 4970,2293,200,190
4970,2473,100,10
5070,2293,10,190
5070,2293,100,10

Range : 4207,3639,100,10
4207,3639,100,10

Range : 2291,1080,110,100
2291,1080,100,10
2391,1080,10,100

Range : 5033,4333,100,10
5033,4333,100,10

Range : 1857,4578,100,10
1857,4578,100,10

Range : 657,1999,200,110
657,1999,100,10
757,1999,10,100
757,2099,100,10

Range : 3888,1082,100,10
3888,1082,100,10

Range : 27,4715,200,10
27,4715,200,10

Range : 3849,4961,100,10
3849,4961,100,10

Range : 4813,2857,200,10
4813,2857,200,10

Range : 1683,469,210,280
1683,639,100,10
1783,639,10,100
1783,739,100,10
1883,469,10,280

Range : 4667,4626,110,100
4667,4626,100,10
4767,4626,10,100

Range : 3634,3984,210,100
3634,4074,100,10
3734,3984,10,100
3734,3984,100,10
3834,3984,10,100

Range : 1797,5091,200,10
1797,5091,200,10

Range : 705,4434,100,10
705,4434,100,10

Range : 1826,4511,100,10
1826,4511,100,10

Range : 4540,523,100,10
4540,523,100,10

Range : 1505,1215,200,10
1505,1215,200,10

Range : 70,3321,100,10
70,3321,100,10

Range : 2961,1990,200,10
2961,1990,200,10

Range : 4644,4350,100,10
4644,4350,100,10

Range : 1015,4490,100,10
1015,4490,100,10

Range : 1710,4356,100,10
1710,4356,100,10

Range : 3176,1619,200,10
3176,1619,200,10

Range : 2274,4774,110,200
2274,4774,100,10
2374,4774,10,200

Range : 2026,2068,200,10
2026,2068,200,10

Range : 699,1040,100,10
699,1040,100,10

Range : 11,1859,110,100
11,1859,100,10
111,1859,10,100

Range : 3387,2866,100,10
3387,2866,100,10

Range : 4780,3033,300,110
4780,3033,100,10
4880,3033,10,100
4880,3133,200,10

Range : 3483,2889,110,100
3483,2889,100,10
3583,2889,10,100

Range : 2343,1897,210,200
2343,1897,100,10
2443,1897,10,100
2443,1997,100,10
2543,1997,10,100

Range : 4340,5407,200,460
4340,5857,100,10
4440,5407,10,460
4440,5407,100,10

Range : 2948,2887,200,110
2948,2887,100,10
3048,2887,10,100
3048,2987,100,10

Range : 1346,5564,200,10
1346,5564,200,10

Range : 4846,4960,200,10
4846,4960,200,10

Range : 1536,5898,100,10
1536,5898,100,10

Range : 2012,347,200,410
2012,347,100,10
2112,347,10,400
2112,747,100,10

Range : 2757,4785,200,110
2757,4785,100,10
2857,4785,10,100
2857,4885,100,10

Range : 3024,4272,100,10
3024,4272,100,10

Range : 4617,847,100,10
4617,847,100,10

Range : 3781,4465,100,10
3781,4465,100,10

Range : 52,2023,200,10
52,2023,200,10

Range : 1605,5592,100,10
1605,5592,100,10

Range : 3809,1064,100,10
3809,1064,100,10

Range : 63,2449,100,10
63,2449,100,10

Range : 2640,2099,400,310
2640,2099,200,10
2840,2099,10,300
2840,2399,200,10

Range : 3639,4465,100,10
3639,4465,100,10

Range : 2799,4039,200,280
2799,4309,100,10
2899,4039,10,280
2899,4039,100,10

Range : 1872,5109,100,10
1872,5109,100,10

Range : 2759,5647,100,10
2759,5647,100,10

Range : 1370,4335,100,10
1370,4335,100,10

Range : 4150,1847,200,10
4150,1847,200,10

Range : 2813,5620,100,10
2813,5620,100,10

Range : 3108,5328,200,10
3108,5328,200,10

Range : 1682,1059,100,10
1682,1059,100,10

Range : 867,2073,100,10
867,2073,100,10

Range : 4200,1244,110,100
4200,1244,100,10
4300,1244,10,100

Range : 637,3875,100,10
637,3875,100,10

Range : 2169,5893,210,110
2169,5893,100,10
2269,5893,10,100
2269,5993,100,10
2369,5903,10,100

Range : 1332,1641,200,210
1332,1641,100,10
1432,1641,10,200
1432,1841,100,10

Range : 3110,5784,200,10
3110,5784,200,10

Range : 604,2238,200,10
604,2238,200,10

Range : 762,5557,100,10
762,5557,100,10

Range : 4629,4804,100,10
4629,4804,100,10

Range : 3645,1043,200,10
3645,1043,200,10

Range : 2968,5235,200,190
2968,5415,100,10
3068,5235,10,190
3068,5235,100,10

Range : 199,4568,100,10
199,4568,100,10

Range : 3578,4436,100,10
3578,4436,100,10

Range : 4703,4921,200,10
4703,4921,200,10

Range : 4747,2908,100,10
4747,2908,100,10

Range : 1765,5289,100,10
1765,5289,100,10

Range : 4099,594,300,310
4099,594,100,10
4199,594,10,200
4199,794,100,10
4299,794,10,100
4299,894,100,10

Range : 641,3319,100,10
641,3319,100,10

Range : 3109,3601,200,10
3109,3601,200,10

Range : 3965,5692,110,100
3965,5782,100,10
4065,5692,10,100

Range : 4391,4146,200,10
4391,4146,200,10

Range : 1822,2880,210,100
1822,2880,200,10
2022,2880,10,100

Range : 3452,1040,100,10
3452,1040,100,10

Range : 1843,854,100,10
1843,854,100,10

Range : 1086,4607,100,10
1086,4607,100,10

Range : 250,3340,200,100
250,3430,100,10
350,3340,10,100
350,3340,100,10

Range : 4739,3430,100,10
4739,3430,100,10

Range : 4287,1981,100,10
4287,1981,100,10

Range : 1502,2109,110,100
1502,2199,100,10
1602,2109,10,100

Range : 3375,1050,200,10
3375,1050,200,10

Range : 2526,4185,210,100
2526,4185,200,10
2726,4185,10,100

Range : 1525,4352,100,10
1525,4352,100,10

Range : 57,2428,100,10
57,2428,100,10

Range : 740,5874,300,110
740,5874,100,10
840,5874,10,100
840,5974,200,10

Range : 1464,5885,100,10
1464,5885,100,10

Range : 770,5585,100,10
770,5585,100,10

Range : 4602,2863,200,100
4602,2953,100,10
4702,2863,10,100
4702,2863,100,10

Range : 887,5648,100,10
887,5648,100,10

Range : 67,1966,100,10
67,1966,100,10

Range : 4563,1036,100,10
4563,1036,100,10

Range : 2451,5779,100,10
2451,5779,100,10

Range : 302,3149,100,10
302,3149,100,10

Range : 19,1795,300,10
19,1795,300,10

Range : 168,4431,100,10
168,4431,100,10

Range : 4437,3570,100,10
4437,3570,100,10

Range : 27,1349,200,10
27,1349,200,10

Range : 4319,-84,200,370
4319,276,100,10
4419,-84,10,370
4419,-84,100,10

Range : 3702,5809,100,10
3702,5809,100,10

Range : 3316,1671,100,10
3316,1671,100,10

Range : 2791,5492,100,10
2791,5492,100,10

Range : 3299,3519,200,10
3299,3519,200,10

Range : 3089,3541,200,10
3089,3541,200,10

Range : 1635,2506,100,10
1635,2506,100,10

Range : 3063,3584,100,10
3063,3584,100,10

Range : 1484,3709,100,10
1484,3709,100,10

Range : 4183,1924,100,10
4183,1924,100,10

Range : 1332,5544,100,10
1332,5544,100,10

Range : 666,3200,100,10
666,3200,100,10

Range : 2336,2256,200,10
2336,2256,200,10

Range : 4423,3209,200,10
4423,3209,200,10

Range : 4745,2528,200,10
4745,2528,200,10

Range : 3128,3116,100,10
3128,3116,100,10

Range : 149,1447,110,100
149,1447,100,10
249,1447,10,100

Range : 1863,1275,210,100
1863,1275,200,10
2063,1275,10,100

Range : 1002,4146,100,10
1002,4146,100,10

Range : 73,5820,100,10
73,5820,100,10

Range : 4629,4768,200,10
4629,4768,200,10

Range : 1619,5873,100,10
1619,5873,100,10

Range : 3261,5719,200,190
3261,5899,100,10
3361,5719,10,190
3361,5719,100,10

Range : 1511,4331,100,10
1511,4331,100,10

Range : 2240,3917,200,10
2240,3917,200,10

Range : 4672,3570,110,200
4672,3570,100,10
4772,3570,10,200

Range : 1664,1285,200,10
1664,1285,200,10

Range : 4752,2985,200,10
4752,2985,200,10

Range : 840,2125,210,100
840,2215,200,10
1040,2125,10,100

Range : 1683,1497,210,110
1683,1497,100,10
1783,1497,10,100
1783,1597,100,10
1883,1507,10,100

Range : 2389,2405,300,10
2389,2405,300,10

Range : 4577,3080,100,10
4577,3080,100,10

Range : 2712,1203,600,280
2712,1473,100,10
2812,1383,10,100
2812,1383,400,10
3212,1203,10,190
3212,1203,100,10

Range : 2158,5652,100,10
2158,5652,100,10

Range : 452,3927,100,10
452,3927,100,10

Range : 1583,1946,300,210
1583,1946,100,10
1683,1946,10,200
1683,2146,200,10

Range : 1115,5329,100,10
1115,5329,100,10

Range : 883,5705,200,100
883,5795,100,10
983,5705,10,100
983,5705,100,10

Range : 2572,-211,210,460
2572,239,100,10
2672,-121,10,370
2672,-121,100,10
2772,-211,10,100

Range : 3821,2482,110,100
3821,2572,100,10
3921,2482,10,100

Range : 1219,3049,100,10
1219,3049,100,10

Range : 2318,1240,100,10
2318,1240,100,10

Range : 5155,5856,400,310
5155,5856,100,10
5255,5856,10,100
5255,5956,100,10
5355,5956,10,200
5355,6156,200,10

Range : 3305,3915,400,10
3305,3915,400,10

Range : 1475,3693,100,10
1475,3693,100,10

Range : 787,4994,100,10
787,4994,100,10

Range : 2796,4321,100,10
2796,4321,100,10

Range : 4776,1001,100,10
4776,1001,100,10

Range : 4513,3056,200,10
4513,3056,200,10

Range : 2683,5739,100,10
2683,5739,100,10

Range : 759,1920,100,10
759,1920,100,10

Range : 4711,1327,110,100
4711,1327,100,10
4811,1327,10,100

Range : 2905,1888,100,10
2905,1888,100,10

Range : 3513,5290,200,10
3513,5290,200,10

Range : 3225,2962,200,190
3225,3142,100,10
3325,2962,10,190
3325,2962,100,10

Range : 3190,4847,200,210
3190,4847,100,10
3290,4847,10,200
3290,5047,100,10

Range : 798,1431,200,10
798,1431,200,10

Range : 2574,1384,200,100
2574,1474,100,10
2674,1384,10,100
2674,1384,100,10

Range : 4507,4748,100,10
4507,4748,100,10

Range : 4524,3009,200,10
4524,3009,200,10

Range : 4251,3606,100,10
4251,3606,100,10

Range : 1042,5630,300,10
1042,5630,300,10

Range : 5089,5678,100,10
5089,5678,100,10

Range : 2702,5687,210,100
2702,5777,100,10
2802,5687,10,100
2802,5687,100,10
2902,5687,10,100

Range : 1168,4154,200,10
1168,4154,200,10

Range : 722,5061,100,10
722,5061,100,10

Range : 2982,5201,100,10
2982,5201,100,10

Range : 1393,1612,200,10
1393,1612,200,10

Range : 2172,4319,100,10
2172,4319,100,10

Range : 4868,2246,200,100
4868,2336,100,10
4968,2246,10,100
4968,2246,100,10

Range : 3431,2672,210,190
3431,2852,100,10
3531,2762,10,100
3531,2762,100,10
3631,2672,10,100

Range : 2908,5649,200,10
2908,5649,200,10

Range : 228,2429,100,10
228,2429,100,10

Range : 2790,4377,210,100
2790,4467,200,10
2990,4377,10,100

Range : 4168,4159,200,280
4168,4429,100,10
4268,4159,10,280
4268,4159,100,10

Range : 2377,4191,100,10
2377,4191,100,10

Range : 2197,5769,110,100
2197,5859,100,10
2297,5769,10,100

Range : 4680,3537,100,10
4680,3537,100,10

Range : 40,3008,210,100
40,3098,200,10
240,3008,10,100

Range : 3802,5039,100,10
3802,5039,100,10

Range : 1867,5123,100,10
1867,5123,100,10

Range : 446,3897,200,10
446,3897,200,10

Range : 744,5642,100,10
744,5642,100,10

Range : 2259,2604,410,190
2259,2784,100,10
2359,2604,10,190
2359,2604,300,10
2659,2604,10,100

Range : 4868,1517,200,10
4868,1517,200,10

Range : 2275,5707,100,10
2275,5707,100,10

Range : 4301,1654,110,100
4301,1654,100,10
4401,1654,10,100

Range : 1166,1624,100,10
1166,1624,100,10

Range : 94,1344,410,200
94,1434,200,10
294,1344,10,100
294,1344,100,10
394,1344,10,100
394,1444,100,10
494,1444,10,100

Range : 3242,4338,100,10
3242,4338,100,10

Range : 509,3753,100,10
509,3753,100,10

Range : 2008,4197,100,10
2008,4197,100,10

Range : 4868,1606,110,100
4868,1606,100,10
4968,1606,10,100

Range : 4632,3350,400,10
4632,3350,400,10

Range : 2802,4344,200,10
2802,4344,200,10

Range : 419,1992,210,200
419,1992,100,10
519,1992,10,100
519,2092,100,10
619,2092,10,100

Range : 4060,1013,200,10
4060,1013,200,10

Range : 3489,4332,210,100
3489,4422,200,10
3689,4332,10,100

Range : 1169,2204,100,10
1169,2204,100,10

Range : 2952,2739,100,10
2952,2739,100,10

Range : 202,5857,100,10
202,5857,100,10

Range : 3740,974,100,10
3740,974,100,10

Range : 4688,3877,210,280
4688,4147,100,10
4788,3877,10,280
4788,3877,100,10
4888,3877,10,100

