Range : 2147,2243,410,600
2147,2243,100,10
2247,2243,10,100
2247,2343,100,10
2347,2343,10,100
2347,2443,100,10
2447,2443,10,100
2447,2543,100,10
2547,2543,10,300

Range : 3712,631,610,300
3712,721,300,10
4012,631,10,100
4012,631,200,10
4212,631,10,100
4212,731,100,10
4312,731,10,200

Range : 3627,1870,600,210
3627,1870,100,10
3727,1870,10,100
3727,1970,100,10
3827,1970,10,100
3827,2070,300,10
4127,1890,10,190
4127,1890,100,10

Range : 3149,229,500,280
3149,299,100,10
3249,299,10,100
3249,399,100,10
3349,399,10,100
3349,499,100,10
3449,409,10,100
3449,409,100,10
3549,229,10,190
3549,229,100,10

Range : 4134,416,510,210
4134,416,400,10
4534,416,10,200
4534,616,100,10
4634,526,10,100

Range : 2534,3103,410,550
2534,3643,400,10
2934,3103,10,550

Range : 2209,496,410,190
2209,676,100,10
2309,496,10,190
2309,496,100,10
2409,496,10,100
2409,596,100,10
2509,506,10,100
2509,506,100,10
2609,506,10,100

Range : 3836,4238,510,370
3836,4598,100,10
3936,4508,10,100
3936,4508,400,10
4336,4238,10,280

Range : 4114,5182,710,100
4114,5272,600,10
4714,5182,10,100
4714,5182,100,10
4814,5182,10,100

Range : 821,2798,300,310
821,2798,100,10
921,2798,10,300
921,3098,200,10

Range : 1002,4295,410,210
1002,4295,100,10
1102,4295,10,200
1102,4495,300,10
1402,4405,10,100

Range : 799,3090,110,100
799,3180,100,10
899,3090,10,100

Range : 1486,3550,400,410
1486,3550,100,10
1586,3550,10,400
1586,3950,300,10

Range : 3717,2338,510,300
3717,2338,300,10
4017,2338,10,100
4017,2438,200,10
4217,2438,10,200

Range : 2257,4949,310,360
2257,5299,100,10
2357,5029,10,280
2357,5029,100,10
2457,5029,10,100
2457,5129,100,10
2557,4949,10,190

Range : 3367,3867,110,460
3367,4317,100,10
3467,3867,10,460

Range : 4336,820,500,280
4336,1080,100,10
4436,990,10,100
4436,990,200,10
4636,990,10,100
4636,1090,100,10
4736,820,10,280
4736,820,100,10

Range : 4533,4280,400,280
4533,4350,100,10
4633,4350,10,200
4633,4550,100,10
4733,4280,10,280
4733,4280,200,10

Range : 2788,5055,510,210
2788,5055,200,10
2988,5055,10,100
2988,5155,100,10
3088,5155,10,100
3088,5255,100,10
3188,5165,10,100
3188,5165,100,10
3288,5075,10,100

Range : 4708,320,210,200
4708,500,100,10
4808,320,10,190
4808,320,100,10
4908,320,10,200

Range : 2019,1024,410,370
2019,1284,100,10
2119,1284,10,100
2119,1384,100,10
2219,1294,10,100
2219,1294,100,10
2319,1114,10,190
2319,1114,100,10
2419,1024,10,100

Range : 2368,758,500,210
2368,758,100,10
2468,758,10,200
2468,958,400,10

Range : 943,1692,310,280
943,1962,200,10
1143,1782,10,190
1143,1782,100,10
1243,1692,10,100

Range : 4391,2322,310,370
4391,2682,100,10
4491,2592,10,100
4491,2592,100,10
4591,2412,10,190
4591,2412,100,10
4691,2322,10,100

Range : 4179,1788,310,300
4179,1788,300,10
4479,1788,10,300

Range : 248,4161,410,190
248,4241,100,10
348,4241,10,100
348,4341,100,10
448,4161,10,190
448,4161,200,10
648,4161,10,100

Range : 151,4586,510,110
151,4586,200,10
351,4586,10,100
351,4686,300,10
651,4596,10,100

Range : 576,4458,410,460
576,4908,100,10
676,4818,10,100
676,4818,300,10
976,4458,10,370

Range : 3794,4016,510,190
3794,4096,100,10
3894,4096,10,100
3894,4196,200,10
4094,4016,10,190
4094,4016,200,10
4294,4016,10,100

Range : 1277,2270,510,110
1277,2360,200,10
1477,2270,10,100
1477,2270,200,10
1677,2270,10,100
1677,2370,100,10
1777,2280,10,100

Range : 2165,5335,100,10
2165,5335,100,10

Range : 1579,1909,800,190
1579,2089,300,10
1879,1999,10,100
1879,1999,300,10
2179,1909,10,100
2179,1909,200,10

Range : 2594,5196,410,280
2594,5466,100,10
2694,5196,10,280
2694,5196,100,10
2794,5196,10,200
2794,5396,200,10
2994,5306,10,100

Range : 1867,3810,310,460
1867,4260,100,10
1967,3990,10,280
1967,3990,200,10
2167,3810,10,190

Range : 3379,3464,510,190
3379,3544,100,10
3479,3544,10,100
3479,3644,100,10
3579,3554,10,100
3579,3554,300,10
3879,3464,10,100

Range : 3218,1493,400,110
3218,1493,200,10
3418,1493,10,100
3418,1593,100,10
3518,1503,10,100
3518,1503,100,10

Range : 2547,1604,310,370
2547,1964,100,10
2647,1784,10,190
2647,1784,100,10
2747,1604,10,190
2747,1604,100,10
2847,1604,10,300

Range : 1614,2921,700,120
1614,2921,100,10
1714,2921,10,100
1714,3021,200,10
1914,2931,10,100
1914,2931,200,10
2114,2931,10,100
2114,3031,200,10

Range : 1719,552,210,310
1719,552,100,10
1819,552,10,300
1819,852,100,10
1919,582,10,280

Range : 3393,4994,400,210
3393,4994,200,10
3593,4994,10,100
3593,5094,100,10
3693,5094,10,100
3693,5194,100,10

Range : 4088,4727,210,500
4088,4727,100,10
4188,4727,10,400
4188,5127,100,10
4288,5127,10,100

Range : 3105,547,200,410
3105,547,100,10
3205,547,10,400
3205,947,100,10

Range : 4248,2278,310,370
4248,2538,100,10
4348,2538,10,100
4348,2638,100,10
4448,2548,10,100
4448,2548,100,10
4548,2278,10,280

Range : 199,4112,210,200
199,4112,100,10
299,4112,10,100
299,4212,100,10
399,4212,10,100

Range : 5200,5184,400,210
5200,5184,200,10
5400,5184,10,200
5400,5384,100,10
5500,5294,10,100
5500,5294,100,10

Range : 2374,3004,400,460
2374,3454,200,10
2574,3004,10,460
2574,3004,200,10

Range : 3650,5376,500,210
3650,5376,200,10
3850,5376,10,200
3850,5576,100,10
3950,5396,10,190
3950,5396,100,10
4050,5396,10,100
4050,5496,100,10

Range : 1530,3022,410,190
1530,3102,100,10
1630,3102,10,100
1630,3202,100,10
1730,3112,10,100
1730,3112,200,10
1930,3022,10,100

Range : 1259,3531,310,610
1259,3531,100,10
1359,3531,10,300
1359,3831,100,10
1459,3831,10,300
1459,4131,100,10
1559,4041,10,100

Range : 590,-17,510,370
590,343,300,10
890,253,10,100
890,253,100,10
990,-17,10,280
990,-17,100,10
1090,-17,10,100

Range : 2055,965,200,210
2055,965,100,10
2155,965,10,200
2155,1165,100,10

Range : 4837,4452,600,190
4837,4632,100,10
4937,4542,10,100
4937,4542,100,10
5037,4452,10,100
5037,4452,100,10
5137,4452,10,100
5137,4552,300,10

Range : 3272,1959,400,110
3272,1959,100,10
3372,1959,10,100
3372,2059,100,10
3472,1969,10,100
3472,1969,200,10

Range : 1817,1211,400,190
1817,1391,100,10
1917,1211,10,190
1917,1211,300,10

Range : 1615,4708,310,510
1615,4708,200,10
1815,4708,10,500
1815,5208,100,10
1915,5028,10,190

Range : 835,2046,310,640
835,2676,100,10
935,2496,10,190
935,2496,100,10
1035,2406,10,100
1035,2406,100,10
1135,2046,10,370

Range : 3698,3909,200,110
3698,3909,100,10
3798,3909,10,100
3798,4009,100,10

Range : 1599,637,210,460
1599,1087,100,10
1699,907,10,190
1699,907,100,10
1799,637,10,280

Range : 4474,3619,210,600
4474,3619,100,10
4574,3619,10,100
4574,3719,100,10
4674,3719,10,500

Range : 50,1396,510,370
50,1656,300,10
350,1656,10,100
350,1756,100,10
450,1666,10,100
450,1666,100,10
550,1396,10,280

Range : 1614,1312,200,280
1614,1582,100,10
1714,1312,10,280
1714,1312,100,10

Range : 3008,2984,310,460
3008,3434,100,10
3108,3254,10,190
3108,3254,100,10
3208,3164,10,100
3208,3164,100,10
3308,2984,10,190

Range : 3771,1733,110,300
3771,1733,100,10
3871,1733,10,300

Range : 4962,3867,300,280
4962,4137,200,10
5162,3867,10,280
5162,3867,100,10

Range : 3047,3785,510,370
3047,4145,200,10
3247,4055,10,100
3247,4055,100,10
3347,3875,10,190
3347,3875,100,10
3447,3785,10,100
3447,3785,100,10
3547,3785,10,100

Range : 114,552,600,210
114,642,100,10
214,552,10,100
214,552,200,10
414,552,10,200
414,752,200,10
614,662,10,100
614,662,100,10

Range : 4442,1140,310,190
4442,1220,200,10
4642,1220,10,100
4642,1320,100,10
4742,1140,10,190

Range : 2060,4886,310,100
2060,4886,300,10
2360,4886,10,100

Range : 1360,1098,310,280
1360,1368,200,10
1560,1278,10,100
1560,1278,100,10
1660,1098,10,190

Range : 3981,1850,200,10
3981,1850,200,10

Range : 884,5381,310,190
884,5561,100,10
984,5471,10,100
984,5471,100,10
1084,5381,10,100
1084,5381,100,10
1184,5381,10,100

Range : 4754,769,310,400
4754,769,100,10
4854,769,10,200
4854,969,200,10
5054,969,10,200

Range : 2333,3486,110,190
2333,3666,100,10
2433,3486,10,190

Range : 4248,2795,410,300
4248,2795,100,10
4348,2795,10,100
4348,2895,300,10
4648,2895,10,200

Range : 2338,5492,300,100
2338,5582,200,10
2538,5492,10,100
2538,5492,100,10

Range : 2073,4303,410,280
2073,4573,200,10
2273,4483,10,100
2273,4483,100,10
2373,4303,10,190
2373,4303,100,10
2473,4303,10,200

Range : 2756,2760,400,210
2756,2760,200,10
2956,2760,10,200
2956,2960,200,10

Range : 3099,984,210,100
3099,1074,200,10
3299,984,10,100

Range : 1417,4355,600,280
1417,4625,300,10
1717,4355,10,280
1717,4355,300,10

Range : 311,2423,400,190
311,2603,300,10
611,2423,10,190
611,2423,100,10

Range : 4022,299,300,280
4022,569,100,10
4122,389,10,190
4122,389,100,10
4222,299,10,100
4222,299,100,10

Range : 5066,1627,210,700
5066,1627,100,10
5166,1627,10,500
5166,2127,100,10
5266,2127,10,200

Range : 1274,2432,410,300
1274,2432,100,10
1374,2432,10,100
1374,2532,200,10
1574,2532,10,100
1574,2632,100,10
1674,2632,10,100

Range : 3202,3653,200,10
3202,3653,200,10

Range : 3095,4448,310,300
3095,4448,200,10
3295,4448,10,100
3295,4548,100,10
3395,4548,10,200

Range : 5113,212,500,190
5113,382,200,10
5313,292,10,100
5313,292,100,10
5413,292,10,100
5413,392,100,10
5513,212,10,190
5513,212,100,10

Range : 1227,4578,110,100
1227,4668,100,10
1327,4578,10,100

Range : 2043,4569,310,190
2043,4749,100,10
2143,4659,10,100
2143,4659,200,10
2343,4569,10,100

Range : 3944,852,310,310
3944,942,100,10
4044,852,10,100
4044,852,100,10
4144,852,10,300
4144,1152,100,10
4244,972,10,190

Range : 1969,3668,210,100
1969,3668,200,10
2169,3668,10,100

Range : 521,1014,400,510
521,1014,100,10
621,1014,10,100
621,1114,100,10
721,1114,10,200
721,1314,100,10
821,1314,10,200
821,1514,100,10

Range : 3253,4762,700,110
3253,4762,100,10
3353,4762,10,100
3353,4862,600,10

Range : 2517,1036,110,500
2517,1036,100,10
2617,1036,10,500

Range : 1154,2654,600,210
1154,2834,100,10
1254,2654,10,190
1254,2654,200,10
1454,2654,10,200
1454,2854,300,10

Range : 4415,4774,310,190
4415,4954,100,10
4515,4864,10,100
4515,4864,100,10
4615,4774,10,100
4615,4774,100,10
4715,4774,10,100

Range : 4107,3365,410,500
4107,3365,200,10
4307,3365,10,100
4307,3465,100,10
4407,3465,10,300
4407,3765,100,10
4507,3765,10,100

Range : 4471,1523,400,410
4471,1523,200,10
4671,1523,10,300
4671,1823,100,10
4771,1823,10,100
4771,1923,100,10

Range : 221,4502,310,100
221,4502,300,10
521,4502,10,100

Range : 1095,1046,400,370
1095,1306,100,10
1195,1306,10,100
1195,1406,100,10
1295,1136,10,280
1295,1136,100,10
1395,1046,10,100
1395,1046,100,10

Range : 4392,5306,110,100
4392,5396,100,10
4492,5306,10,100

Range : 176,313,110,200
176,313,100,10
276,313,10,200

Range : 5107,3173,500,370
5107,3433,100,10
5207,3433,10,100
5207,3533,200,10
5407,3263,10,280
5407,3263,100,10
5507,3173,10,100
5507,3173,100,10

Range : 794,3198,100,10
794,3198,100,10

Range : 4958,3217,410,200
4958,3307,200,10
5158,3217,10,100
5158,3217,200,10
5358,3217,10,200

Range : 2099,4805,100,10
2099,4805,100,10

Range : 2712,1244,410,210
2712,1244,200,10
2912,1244,10,100
2912,1344,100,10
3012,1344,10,100
3012,1444,100,10
3112,1354,10,100

Range : 777,3603,410,310
777,3603,100,10
877,3603,10,100
877,3703,100,10
977,3613,10,100
977,3613,100,10
1077,3613,10,200
1077,3813,100,10
1177,3813,10,100

Range : 4613,2259,410,400
4613,2259,100,10
4713,2259,10,200
4713,2459,100,10
4813,2459,10,100
4813,2559,200,10
5013,2559,10,100

Range : 4895,2987,210,300
4895,2987,200,10
5095,2987,10,300

Range : 1674,2088,310,190
1674,2168,200,10
1874,2168,10,100
1874,2268,100,10
1974,2088,10,190

Range : 2138,1936,110,190
2138,2116,100,10
2238,1936,10,190

Range : 4322,3934,300,10
4322,3934,300,10

Range : 4713,738,300,210
4713,738,200,10
4913,738,10,200
4913,938,100,10

Range : 1503,5414,400,410
1503,5504,100,10
1603,5414,10,100
1603,5414,100,10
1703,5414,10,300
1703,5714,100,10
1803,5714,10,100
1803,5814,100,10

Range : 4870,3838,200,210
4870,3838,100,10
4970,3838,10,200
4970,4038,100,10

Range : 4023,1018,400,190
4023,1198,300,10
4323,1018,10,190
4323,1018,100,10

Range : 5079,2637,400,410
5079,2637,100,10
5179,2637,10,400
5179,3037,100,10
5279,2947,10,100
5279,2947,200,10

Range : 3201,5615,310,300
3201,5885,200,10
3401,5615,10,280
3401,5615,100,10
3501,5615,10,300

Range : 1495,581,300,210
1495,581,200,10
1695,581,10,200
1695,781,100,10

Range : 4379,374,100,10
4379,374,100,10

Range : 1650,5391,110,300
1650,5391,100,10
1750,5391,10,300

Range : 2817,2386,400,210
2817,2386,100,10
2917,2386,10,100
2917,2486,100,10
3017,2486,10,100
3017,2586,100,10
3117,2496,10,100
3117,2496,100,10

Range : 3126,4263,110,100
3126,4263,100,10
3226,4263,10,100

Range : 4690,3840,110,370
4690,4200,100,10
4790,3840,10,370

Range : 575,4011,400,210
575,4011,100,10
675,4011,10,200
675,4211,100,10
775,4031,10,190
775,4031,200,10

Range : 1517,2127,300,10
1517,2127,300,10

Range : 1117,1431,100,10
1117,1431,100,10

Range : 3545,4960,410,400
3545,4960,200,10
3745,4960,10,200
3745,5160,100,10
3845,5160,10,100
3845,5260,100,10
3945,5260,10,100

Range : 1326,5472,200,280
1326,5742,100,10
1426,5472,10,280
1426,5472,100,10

Range : 2749,4050,200,410
2749,4050,100,10
2849,4050,10,400
2849,4450,100,10

Range : 250,1286,400,100
250,1376,100,10
350,1286,10,100
350,1286,300,10

Range : 3047,1540,400,190
3047,1720,100,10
3147,1630,10,100
3147,1630,100,10
3247,1540,10,100
3247,1540,100,10
3347,1540,10,100
3347,1640,100,10

Range : 1978,3266,510,190
1978,3446,200,10
2178,3356,10,100
2178,3356,300,10
2478,3266,10,100

Range : 5054,4713,500,510
5054,4713,100,10
5154,4713,10,100
5154,4813,100,10
5254,4813,10,100
5254,4913,100,10
5354,4913,10,100
5354,5013,100,10
5454,5013,10,200
5454,5213,100,10

Range : 818,3879,310,300
818,3969,100,10
918,3879,10,100
918,3879,100,10
1018,3879,10,100
1018,3979,100,10
1118,3979,10,200

Range : 3035,5627,310,190
3035,5707,100,10
3135,5707,10,100
3135,5807,200,10
3335,5627,10,190

Range : 2443,4037,300,100
2443,4127,100,10
2543,4037,10,100
2543,4037,200,10

Range : 4398,2619,410,190
4398,2699,100,10
4498,2699,10,100
4498,2799,300,10
4798,2619,10,190

Range : 2415,3700,300,310
2415,3700,100,10
2515,3700,10,300
2515,4000,200,10

Range : 3681,3971,110,100
3681,4061,100,10
3781,3971,10,100

Range : 4309,4639,110,300
4309,4639,100,10
4409,4639,10,300

Range : 4243,5287,210,100
4243,5377,200,10
4443,5287,10,100

Range : 613,2913,200,210
613,2913,100,10
713,2913,10,200
713,3113,100,10

Range : 4539,5036,210,100
4539,5126,100,10
4639,5036,10,100
4639,5036,100,10
4739,5036,10,100

Range : 4977,2678,200,110
4977,2678,100,10
5077,2678,10,100
5077,2778,100,10

Range : 4846,4047,110,190
4846,4227,100,10
4946,4047,10,190

Range : 2233,1788,410,100
2233,1788,400,10
2633,1788,10,100

Range : 1085,3375,500,410
1085,3375,300,10
1385,3375,10,200
1385,3575,100,10
1485,3575,10,200
1485,3775,100,10

Range : 4021,1270,400,460
4021,1720,100,10
4121,1630,10,100
4121,1630,100,10
4221,1270,10,370
4221,1270,200,10

Range : 4367,404,100,10
4367,404,100,10

Range : 1306,4707,300,100
1306,4797,100,10
1406,4707,10,100
1406,4707,200,10

Range : 2048,1773,200,100
2048,1863,100,10
2148,1773,10,100
2148,1773,100,10

Range : 4744,4724,110,280
4744,4994,100,10
4844,4724,10,280

Range : 2522,4119,300,550
2522,4659,100,10
2622,4479,10,190
2622,4479,100,10
2722,4119,10,370
2722,4119,100,10

Range : 4759,2824,400,110
4759,2824,200,10
4959,2824,10,100
4959,2924,200,10

Range : 222,3454,210,600
222,3454,100,10
322,3454,10,300
322,3754,100,10
422,3754,10,300

Range : 1277,1965,310,100
1277,2055,100,10
1377,1965,10,100
1377,1965,200,10
1577,1965,10,100

Range : 2743,5502,400,110
2743,5592,100,10
2843,5502,10,100
2843,5502,100,10
2943,5502,10,100
2943,5602,100,10
3043,5512,10,100
3043,5512,100,10

Range : 440,5337,410,400
440,5337,200,10
640,5337,10,100
640,5437,100,10
740,5437,10,100
740,5537,100,10
840,5537,10,200

Range : 141,5233,300,310
141,5233,100,10
241,5233,10,100
241,5333,100,10
341,5333,10,200
341,5533,100,10

Range : 4836,4736,310,460
4836,5186,100,10
4936,4916,10,280
4936,4916,100,10
5036,4826,10,100
5036,4826,100,10
5136,4736,10,100

Range : 2049,302,600,280
2049,572,100,10
2149,482,10,100
2149,482,100,10
2249,392,10,100
2249,392,200,10
2449,302,10,100
2449,302,100,10
2549,302,10,100
2549,402,100,10

Range : 2109,5064,200,210
2109,5064,100,10
2209,5064,10,200
2209,5264,100,10

Range : 449,4214,110,190
449,4394,100,10
549,4214,10,190

Range : 113,1889,600,190
113,2069,200,10
313,1979,10,100
313,1979,200,10
513,1889,10,100
513,1889,100,10
613,1889,10,100
613,1989,100,10

Range : 3743,1151,610,190
3743,1231,200,10
3943,1231,10,100
3943,1331,200,10
4143,1241,10,100
4143,1241,200,10
4343,1151,10,100

Range : 1908,1826,110,100
1908,1826,100,10
2008,1826,10,100

Range : 3733,1605,410,210
3733,1695,100,10
3833,1605,10,100
3833,1605,100,10
3933,1605,10,200
3933,1805,200,10
4133,1715,10,100

Range : 1192,4748,110,500
1192,4748,100,10
1292,4748,10,500

Range : 4851,5444,210,460
4851,5894,100,10
4951,5714,10,190
4951,5714,100,10
5051,5444,10,280

Range : 4519,2953,310,460
4519,3403,100,10
4619,3313,10,100
4619,3313,100,10
4719,3043,10,280
4719,3043,100,10
4819,2953,10,100

Range : 4979,2956,200,10
4979,2956,200,10

Range : 4095,4215,210,200
4095,4215,100,10
4195,4215,10,100
4195,4315,100,10
4295,4315,10,100

Range : 684,5232,300,210
684,5232,200,10
884,5232,10,200
884,5432,100,10

Range : 4827,1921,310,190
4827,2101,100,10
4927,2011,10,100
4927,2011,100,10
5027,1921,10,100
5027,1921,100,10
5127,1921,10,100

Range : 197,5050,110,200
197,5050,100,10
297,5050,10,200

Range : 520,2637,100,10
520,2637,100,10

Range : 2065,3499,110,100
2065,3499,100,10
2165,3499,10,100

Range : 5094,1243,500,410
5094,1243,200,10
5294,1243,10,200
5294,1443,100,10
5394,1443,10,100
5394,1543,100,10
5494,1543,10,100
5494,1643,100,10

Range : 2990,4185,110,190
2990,4365,100,10
3090,4185,10,190

Range : 4872,3412,300,190
4872,3592,100,10
4972,3412,10,190
4972,3412,200,10

Range : 3708,2010,110,100
3708,2100,100,10
3808,2010,10,100

Range : 1835,2366,500,210
1835,2546,100,10
1935,2456,10,100
1935,2456,100,10
2035,2366,10,100
2035,2366,100,10
2135,2366,10,100
2135,2466,100,10
2235,2466,10,100
2235,2566,100,10

Range : 2896,2552,110,190
2896,2732,100,10
2996,2552,10,190

Range : 1947,27,710,190
1947,207,100,10
2047,117,10,100
2047,117,100,10
2147,27,10,100
2147,27,500,10
2647,27,10,100

Range : 4494,5737,400,110
4494,5827,200,10
4694,5737,10,100
4694,5737,100,10
4794,5737,10,100
4794,5837,100,10

Range : 2694,2038,310,300
2694,2038,200,10
2894,2038,10,100
2894,2138,100,10
2994,2138,10,200

Range : 2935,3370,400,460
2935,3720,100,10
3035,3720,10,100
3035,3820,100,10
3135,3460,10,370
3135,3460,100,10
3235,3370,10,100
3235,3370,100,10

Range : 2244,3931,210,190
2244,4111,200,10
2444,3931,10,190

Range : 4980,1279,300,190
4980,1459,200,10
5180,1279,10,190
5180,1279,100,10

Range : 2349,5399,200,10
2349,5399,200,10

Range : 3345,5215,400,190
3345,5395,200,10
3545,5305,10,100
3545,5305,100,10
3645,5215,10,100
3645,5215,100,10

Range : 1859,905,410,200
1859,995,100,10
1959,905,10,100
1959,905,300,10
2259,905,10,200

Range : 755,1617,310,280
755,1787,100,10
855,1787,10,100
855,1887,200,10
1055,1617,10,280

Range : 2666,722,310,210
2666,722,100,10
2766,722,10,100
2766,822,100,10
2866,822,10,100
2866,922,100,10
2966,742,10,190

Range : 2775,3681,110,190
2775,3861,100,10
2875,3681,10,190

Range : 2362,4183,300,210
2362,4183,200,10
2562,4183,10,200
2562,4383,100,10

Range : 4087,3706,300,280
4087,3976,100,10
4187,3706,10,280
4187,3706,200,10

Range : 2092,4931,210,100
2092,5021,200,10
2292,4931,10,100

Range : 1234,2895,210,200
1234,2895,200,10
1434,2895,10,200

Range : 3109,5345,400,310
3109,5345,100,10
3209,5345,10,300
3209,5645,100,10
3309,5465,10,190
3309,5465,100,10
3409,5465,10,100
3409,5565,100,10

Range : 2226,1420,210,300
2226,1510,100,10
2326,1420,10,100
2326,1420,100,10
2426,1420,10,300

Range : 1228,4934,410,460
1228,5384,200,10
1428,5204,10,190
1428,5204,100,10
1528,5114,10,100
1528,5114,100,10
1628,4934,10,190

Range : 3647,4883,100,10
3647,4883,100,10

Range : 769,4144,310,190
769,4324,100,10
869,4144,10,190
869,4144,200,10
1069,4144,10,100

Range : 5198,3591,200,100
5198,3681,100,10
5298,3591,10,100
5298,3591,100,10

Range : 2881,4412,210,370
2881,4772,100,10
2981,4592,10,190
2981,4592,100,10
3081,4412,10,190

Range : 441,1991,400,190
441,2171,300,10
741,1991,10,190
741,1991,100,10

Range : 4500,377,300,110
4500,377,200,10
4700,377,10,100
4700,477,100,10

Range : 4028,2520,110,190
4028,2700,100,10
4128,2520,10,190

Range : 1344,2328,600,190
1344,2408,100,10
1444,2408,10,100
1444,2508,100,10
1544,2418,10,100
1544,2418,300,10
1844,2328,10,100
1844,2328,100,10

Range : 3205,4817,110,100
3205,4907,100,10
3305,4817,10,100

Range : 3292,2860,600,210
3292,2860,100,10
3392,2860,10,100
3392,2960,100,10
3492,2960,10,100
3492,3060,200,10
3692,2970,10,100
3692,2970,200,10

Range : 2673,5620,400,280
2673,5890,100,10
2773,5800,10,100
2773,5800,100,10
2873,5620,10,190
2873,5620,200,10

Range : 4291,2250,210,100
4291,2250,200,10
4491,2250,10,100

Range : 3603,5864,500,210
3603,5864,300,10
3903,5864,10,200
3903,6064,100,10
4003,5974,10,100
4003,5974,100,10

Range : 4473,4411,110,190
4473,4591,100,10
4573,4411,10,190

Range : 2184,3399,200,100
2184,3489,100,10
2284,3399,10,100
2284,3399,100,10

Range : 839,868,500,210
839,958,100,10
939,868,10,100
939,868,100,10
1039,868,10,200
1039,1068,300,10

Range : 1033,5703,300,410
1033,5703,100,10
1133,5703,10,300
1133,6003,100,10
1233,6003,10,100
1233,6103,100,10

Range : 1955,595,110,100
1955,685,100,10
2055,595,10,100

Range : 3557,5794,200,10
3557,5794,200,10

Range : 4506,1814,110,190
4506,1994,100,10
4606,1814,10,190

Range : 4582,4718,100,10
4582,4718,100,10

Range : 1232,4256,310,280
1232,4526,200,10
1432,4256,10,280
1432,4256,100,10
1532,4256,10,100

Range : 525,5274,100,10
525,5274,100,10

Range : 15,2562,300,190
15,2742,100,10
115,2652,10,100
115,2652,100,10
215,2562,10,100
215,2562,100,10

Range : 3672,4137,210,460
3672,4487,100,10
3772,4487,10,100
3772,4587,100,10
3872,4137,10,460

Range : 3283,1653,200,100
3283,1743,100,10
3383,1653,10,100
3383,1653,100,10

Range : 5202,855,500,100
5202,945,100,10
5302,855,10,100
5302,855,400,10

Range : 1768,2550,410,100
1768,2640,400,10
2168,2550,10,100

Range : 3987,5515,310,200
3987,5605,100,10
4087,5515,10,100
4087,5515,100,10
4187,5515,10,100
4187,5615,100,10
4287,5615,10,100

Range : 143,2225,510,280
143,2295,100,10
243,2295,10,100
243,2395,100,10
343,2395,10,100
343,2495,100,10
443,2405,10,100
443,2405,200,10
643,2225,10,190

Range : 2196,3143,300,110
2196,3233,100,10
2296,3143,10,100
2296,3143,100,10
2396,3143,10,100
2396,3243,100,10

Range : 477,3822,310,200
477,3822,100,10
577,3822,10,100
577,3922,200,10
777,3922,10,100

Range : 2110,2131,400,110
2110,2131,100,10
2210,2131,10,100
2210,2231,100,10
2310,2141,10,100
2310,2141,200,10

Range : 1044,4507,200,110
1044,4507,100,10
1144,4507,10,100
1144,4607,100,10

Range : 2232,2672,300,190
2232,2852,100,10
2332,2762,10,100
2332,2762,100,10
2432,2672,10,100
2432,2672,100,10

Range : 2531,5621,210,200
2531,5621,100,10
2631,5621,10,100
2631,5721,100,10
2731,5721,10,100

Range : 48,4614,710,280
48,4884,100,10
148,4704,10,190
148,4704,600,10
748,4614,10,100

Range : 196,850,300,280
196,1120,100,10
296,940,10,190
296,940,100,10
396,850,10,100
396,850,100,10

Range : 1040,5503,310,400
1040,5593,100,10
1140,5503,10,100
1140,5503,100,10
1240,5503,10,300
1240,5803,100,10
1340,5803,10,100

Range : 33,5386,210,100
33,5476,200,10
233,5386,10,100

Range : 2905,402,210,100
2905,492,100,10
3005,402,10,100
3005,402,100,10
3105,402,10,100

Range : 2621,5140,410,200
2621,5140,200,10
2821,5140,10,100
2821,5240,200,10
3021,5240,10,100

Range : 1806,3502,200,10
1806,3502,200,10

Range : 466,4736,110,280
466,5006,100,10
566,4736,10,280

Range : 4270,2747,210,100
4270,2747,200,10
4470,2747,10,100

Range : 3506,1389,210,300
3506,1389,200,10
3706,1389,10,300

Range : 3229,2380,500,280
3229,2650,200,10
3429,2470,10,190
3429,2470,200,10
3629,2380,10,100
3629,2380,100,10

Range : 1596,5852,310,400
1596,5852,200,10
1796,5852,10,300
1796,6152,100,10
1896,6152,10,100

Range : 88,720,110,100
88,810,100,10
188,720,10,100

Range : 4651,1617,500,370
4651,1977,300,10
4951,1797,10,190
4951,1797,100,10
5051,1617,10,190
5051,1617,100,10

Range : 1863,5109,310,280
1863,5379,100,10
1963,5289,10,100
1963,5289,100,10
2063,5199,10,100
2063,5199,100,10
2163,5109,10,100

Range : 2424,2073,500,210
2424,2073,100,10
2524,2073,10,200
2524,2273,100,10
2624,2183,10,100
2624,2183,300,10

Range : 1276,1843,110,100
1276,1843,100,10
1376,1843,10,100

Range : 3482,2797,400,110
3482,2797,200,10
3682,2797,10,100
3682,2897,200,10

Range : 2293,563,110,190
2293,743,100,10
2393,563,10,190

Range : 4513,5373,510,300
4513,5373,400,10
4913,5373,10,200
4913,5573,100,10
5013,5573,10,100

Range : 3619,4072,100,10
3619,4072,100,10

Range : 3581,849,400,110
3581,849,100,10
3681,849,10,100
3681,949,200,10
3881,859,10,100
3881,859,100,10

Range : 1776,418,300,110
1776,508,100,10
1876,418,10,100
1876,418,100,10
1976,418,10,100
1976,518,100,10

Range : 1844,4600,210,100
1844,4690,100,10
1944,4600,10,100
1944,4600,100,10
2044,4600,10,100

Range : 2700,4777,400,210
2700,4777,100,10
2800,4777,10,200
2800,4977,300,10

Range : 1259,3248,310,200
1259,3338,200,10
1459,3248,10,100
1459,3248,100,10
1559,3248,10,200

Range : 1452,3136,110,100
1452,3226,100,10
1552,3136,10,100

Range : 1778,2737,100,10
1778,2737,100,10

Range : 4847,1249,210,190
4847,1329,100,10
4947,1329,10,100
4947,1429,100,10
5047,1249,10,190

Range : 2032,1419,200,100
2032,1509,100,10
2132,1419,10,100
2132,1419,100,10

Range : 4324,5511,210,300
4324,5511,100,10
4424,5511,10,100
4424,5611,100,10
4524,5611,10,200

Range : 3523,1234,200,10
3523,1234,200,10

Range : 3515,1993,110,370
3515,2353,100,10
3615,1993,10,370

Range : 4125,2814,200,100
4125,2904,100,10
4225,2814,10,100
4225,2814,100,10

Range : 782,298,210,280
782,468,100,10
882,468,10,100
882,568,100,10
982,298,10,280

Range : 2455,5451,200,10
2455,5451,200,10

Range : 3095,2170,310,460
3095,2620,200,10
3295,2530,10,100
3295,2530,100,10
3395,2170,10,370

Range : 3596,781,300,10
3596,781,300,10

Range : 3900,1342,300,100
3900,1432,200,10
4100,1342,10,100
4100,1342,100,10

Range : 2563,2337,300,100
2563,2427,100,10
2663,2337,10,100
2663,2337,200,10

Range : 3721,1504,310,100
3721,1594,300,10
4021,1504,10,100

Range : 2361,5416,100,10
2361,5416,100,10

Range : 224,3399,100,10
224,3399,100,10

Range : 2694,2824,210,280
2694,2994,100,10
2794,2994,10,100
2794,3094,100,10
2894,2824,10,280

Range : 517,2978,110,190
517,3158,100,10
617,2978,10,190

Range : 946,2029,110,100
946,2029,100,10
1046,2029,10,100

Range : 2224,4774,410,300
2224,4774,100,10
2324,4774,10,100
2324,4874,300,10
2624,4874,10,200

Range : 505,5124,110,100
505,5124,100,10
605,5124,10,100

Range : 1256,1863,110,100
1256,1953,100,10
1356,1863,10,100

Range : 2652,2643,300,110
2652,2643,200,10
2852,2643,10,100
2852,2743,100,10

Range : 382,2648,110,280
382,2918,100,10
482,2648,10,280

Range : 3231,1798,110,100
3231,1798,100,10
3331,1798,10,100

Range : 4747,3693,210,100
4747,3693,200,10
4947,3693,10,100

Range : 1276,4219,110,100
1276,4219,100,10
1376,4219,10,100

Range : 3178,1099,600,110
3178,1189,100,10
3278,1099,10,100
3278,1099,200,10
3478,1099,10,100
3478,1199,300,10

Range : 3244,4658,110,100
3244,4748,100,10
3344,4658,10,100

Range : 3311,2736,110,100
3311,2826,100,10
3411,2736,10,100

Range : 3173,2664,310,190
3173,2844,100,10
3273,2754,10,100
3273,2754,100,10
3373,2664,10,100
3373,2664,100,10
3473,2664,10,100

Range : 4467,4967,110,100
4467,4967,100,10
4567,4967,10,100

Range : 609,3491,200,110
609,3491,100,10
709,3491,10,100
709,3591,100,10

Range : 118,3481,200,110
118,3481,100,10
218,3481,10,100
218,3581,100,10

Range : 306,2957,210,200
306,2957,200,10
506,2957,10,200

Range : 1910,1439,500,210
1910,1439,100,10
2010,1439,10,100
2010,1539,300,10
2310,1539,10,100
2310,1639,100,10

Range : 3230,971,500,210
3230,971,300,10
3530,971,10,200
3530,1171,200,10

Range : 3739,2090,110,100
3739,2180,100,10
3839,2090,10,100

Range : 960,1442,300,10
960,1442,300,10

Range : 3382,1441,200,10
3382,1441,200,10

Range : 3239,4036,210,190
3239,4216,100,10
3339,4126,10,100
3339,4126,100,10
3439,4036,10,100

Range : 325,5703,410,310
325,5703,100,10
425,5703,10,100
425,5803,200,10
625,5713,10,100
625,5713,100,10
725,5713,10,300

Range : 813,5013,310,300
813,5013,100,10
913,5013,10,200
913,5213,200,10
1113,5213,10,100

Range : 492,3468,210,210
492,3468,100,10
592,3468,10,200
592,3668,100,10
692,3578,10,100

Range : 1780,2725,500,210
1780,2815,100,10
1880,2725,10,100
1880,2725,100,10
1980,2725,10,100
1980,2825,200,10
2180,2825,10,100
2180,2925,100,10

Range : 1767,3177,300,190
1767,3357,100,10
1867,3177,10,190
1867,3177,100,10
1967,3177,10,100
1967,3277,100,10

Range : 158,2754,110,200
158,2754,100,10
258,2754,10,200

Range : 696,5080,200,10
696,5080,200,10

Range : 2498,2054,110,200
2498,2054,100,10
2598,2054,10,200

Range : 5199,3739,110,100
5199,3829,100,10
5299,3739,10,100

Range : 3712,3192,210,300
3712,3282,100,10
3812,3192,10,100
3812,3192,100,10
3912,3192,10,300

Range : 3643,4912,100,10
3643,4912,100,10

Range : 4006,3651,200,10
4006,3651,200,10

Range : 4005,3099,700,210
4005,3099,400,10
4405,3099,10,100
4405,3199,100,10
4505,3199,10,100
4505,3299,100,10
4605,3209,10,100
4605,3209,100,10

Range : 5109,2140,410,280
5109,2410,200,10
5309,2230,10,190
5309,2230,100,10
5409,2140,10,100
5409,2140,100,10
5509,2140,10,200

Range : 4843,5264,110,100
4843,5354,100,10
4943,5264,10,100

Range : 1923,3790,110,200
1923,3790,100,10
2023,3790,10,200

Range : 3246,1463,100,10
3246,1463,100,10

Range : 4847,3793,100,10
4847,3793,100,10

Range : 2600,2570,100,10
2600,2570,100,10

Range : 3470,757,400,100
3470,847,100,10
3570,757,10,100
3570,757,300,10

Range : 139,4276,110,100
139,4366,100,10
239,4276,10,100

Range : 77,3348,110,100
77,3348,100,10
177,3348,10,100

Range : 392,3913,110,190
392,4093,100,10
492,3913,10,190

Range : 2521,1309,310,280
2521,1579,300,10
2821,1309,10,280

Range : 216,3193,300,310
216,3193,100,10
316,3193,10,100
316,3293,100,10
416,3293,10,200
416,3493,100,10

Range : 31,5279,200,100
31,5369,100,10
131,5279,10,100
131,5279,100,10

Range : 254,5370,310,190
254,5550,200,10
454,5460,10,100
454,5460,100,10
554,5370,10,100

Range : 20,3831,200,510
20,3831,100,10
120,3831,10,500
120,4331,100,10

Range : 3979,3135,400,370
3979,3495,100,10
4079,3225,10,280
4079,3225,200,10
4279,3135,10,100
4279,3135,100,10

Range : 3088,5878,100,10
3088,5878,100,10

Range : 388,1847,400,10
388,1847,400,10

Range : 1993,1569,110,100
1993,1659,100,10
2093,1569,10,100

Range : 4112,2164,400,310
4112,2164,100,10
4212,2164,10,100
4212,2264,200,10
4412,2264,10,200
4412,2464,100,10

Range : 728,2428,200,210
728,2428,100,10
828,2428,10,200
828,2628,100,10

Range : 4656,2050,310,280
4656,2220,200,10
4856,2220,10,100
4856,2320,100,10
4956,2050,10,280

Range : 4536,2236,510,210
4536,2236,200,10
4736,2236,10,200
4736,2436,300,10
5036,2256,10,190

Range : 275,5567,210,200
275,5567,200,10
475,5567,10,200

Range : 4143,4680,200,10
4143,4680,200,10

Range : 985,1449,310,280
985,1519,100,10
1085,1519,10,200
1085,1719,100,10
1185,1539,10,190
1185,1539,100,10
1285,1449,10,100

Range : 2605,5082,200,10
2605,5082,200,10

Range : 4611,5136,100,10
4611,5136,100,10

Range : 2353,1733,100,10
2353,1733,100,10

Range : 1359,1655,410,200
1359,1655,200,10
1559,1655,10,100
1559,1755,200,10
1759,1755,10,100

Range : 4680,3501,110,100
4680,3501,100,10
4780,3501,10,100

Range : 2473,1014,100,10
2473,1014,100,10

Range : 346,1804,100,10
346,1804,100,10

Range : 3669,4553,700,190
3669,4733,300,10
3969,4643,10,100
3969,4643,100,10
4069,4553,10,100
4069,4553,100,10
4169,4553,10,100
4169,4653,200,10

Range : 3768,1439,110,100
3768,1439,100,10
3868,1439,10,100

Range : 1076,4663,100,10
1076,4663,100,10

Range : 929,5643,100,10
929,5643,100,10

Range : 1016,5330,100,10
1016,5330,100,10

Range : 3772,2642,300,110
3772,2642,200,10
3972,2642,10,100
3972,2742,100,10

Range : 2518,4678,200,10
2518,4678,200,10

Range : 48,906,300,410
48,906,100,10
148,906,10,400
148,1306,100,10
248,1216,10,100
248,1216,100,10

Range : 791,5580,110,190
791,5760,100,10
891,5580,10,190

Range : 2880,986,500,110
2880,986,200,10
3080,986,10,100
3080,1086,300,10

Range : 5065,4116,400,280
5065,4386,100,10
5165,4296,10,100
5165,4296,100,10
5265,4116,10,190
5265,4116,200,10

Range : 2246,5599,410,500
2246,5599,100,10
2346,5599,10,100
2346,5699,200,10
2546,5699,10,300
2546,5999,100,10
2646,5999,10,100

Range : 3605,5714,100,10
3605,5714,100,10

Range : 4872,2715,300,110
4872,2715,100,10
4972,2715,10,100
4972,2815,200,10

Range : 2864,1710,310,110
2864,1710,100,10
2964,1710,10,100
2964,1810,200,10
3164,1720,10,100

Range : 616,3751,110,100
616,3751,100,10
716,3751,10,100

Range : 496,876,400,100
496,966,300,10
796,876,10,100
796,876,100,10

Range : 5066,980,200,10
5066,980,200,10

Range : 2915,4028,110,200
2915,4028,100,10
3015,4028,10,200

Range : 3981,2116,100,10
3981,2116,100,10

Range : 81,2119,500,100
81,2209,300,10
381,2119,10,100
381,2119,200,10

Range : 4786,716,100,10
4786,716,100,10

Range : 1895,5305,300,100
1895,5395,200,10
2095,5305,10,100
2095,5305,100,10

Range : 1316,3165,110,100
1316,3165,100,10
1416,3165,10,100

Range : 557,977,310,300
557,977,200,10
757,977,10,200
757,1177,100,10
857,1177,10,100

Range : 4518,1377,510,310
4518,1377,100,10
4618,1377,10,100
4618,1477,100,10
4718,1387,10,100
4718,1387,200,10
4918,1387,10,100
4918,1487,100,10
5018,1487,10,200

Range : 1881,2709,100,10
1881,2709,100,10

Range : 379,5029,100,10
379,5029,100,10

Range : 3474,1264,110,100
3474,1354,100,10
3574,1264,10,100

Range : 15,2859,400,210
15,2859,100,10
115,2859,10,100
115,2959,100,10
215,2959,10,100
215,3059,100,10
315,2969,10,100
315,2969,100,10

Range : 1937,4211,410,100
1937,4301,200,10
2137,4211,10,100
2137,4211,200,10
2337,4211,10,100

Range : 1350,5858,200,10
1350,5858,200,10

Range : 3636,2646,110,100
3636,2736,100,10
3736,2646,10,100

Range : 3121,4771,100,10
3121,4771,100,10

Range : 23,3131,200,10
23,3131,200,10

Range : 3700,5819,200,10
3700,5819,200,10

Range : 580,4996,300,110
580,4996,100,10
680,4996,10,100
680,5096,200,10

Range : 2002,96,410,200
2002,276,200,10
2202,186,10,100
2202,186,100,10
2302,96,10,100
2302,96,100,10
2402,96,10,200

Range : 1402,1832,210,100
1402,1922,200,10
1602,1832,10,100

Range : 3021,1859,410,190
3021,1939,100,10
3121,1939,10,100
3121,2039,100,10
3221,1949,10,100
3221,1949,200,10
3421,1859,10,100

Range : 1084,2992,200,190
1084,3172,100,10
1184,2992,10,190
1184,2992,100,10

Range : 1758,4006,200,10
1758,4006,200,10

Range : 3886,3787,300,10
3886,3787,300,10

Range : 4320,3956,200,190
4320,4136,100,10
4420,3956,10,190
4420,3956,100,10

Range : 4835,3619,100,10
4835,3619,100,10

Range : 120,5772,300,100
120,5862,100,10
220,5772,10,100
220,5772,200,10

Range : 3797,5641,100,10
3797,5641,100,10

Range : 2018,2203,110,100
2018,2293,100,10
2118,2203,10,100

Range : 4827,678,400,210
4827,678,100,10
4927,678,10,200
4927,878,300,10

Range : 3356,2023,210,100
3356,2113,200,10
3556,2023,10,100

Range : 3528,3131,210,100
3528,3221,100,10
3628,3131,10,100
3628,3131,100,10
3728,3131,10,100

Range : 1743,1678,300,190
1743,1858,100,10
1843,1768,10,100
1843,1768,100,10
1943,1678,10,100
1943,1678,100,10

Range : 2764,59,610,280
2764,329,300,10
3064,239,10,100
3064,239,100,10
3164,149,10,100
3164,149,200,10
3364,59,10,100

Range : 3824,3685,310,100
3824,3775,100,10
3924,3685,10,100
3924,3685,200,10
4124,3685,10,100

Range : 539,798,300,110
539,798,100,10
639,798,10,100
639,898,100,10
739,808,10,100
739,808,100,10

Range : 4393,5142,200,10
4393,5142,200,10

Range : 5209,2537,300,210
5209,2627,100,10
5309,2537,10,100
5309,2537,100,10
5409,2537,10,200
5409,2737,100,10

Range : 3034,5305,310,100
3034,5305,300,10
3334,5305,10,100

Range : 967,1728,400,280
967,1998,200,10
1167,1818,10,190
1167,1818,100,10
1267,1728,10,100
1267,1728,100,10

Range : 2300,3796,200,10
2300,3796,200,10

Range : 3209,520,410,200
3209,520,200,10
3409,520,10,100
3409,620,200,10
3609,620,10,100

Range : 2882,1149,210,200
2882,1149,200,10
3082,1149,10,200

Range : 1987,5356,310,280
1987,5626,100,10
2087,5536,10,100
2087,5536,100,10
2187,5446,10,100
2187,5446,100,10
2287,5356,10,100

Range : 1081,4718,210,210
1081,4718,100,10
1181,4718,10,200
1181,4918,100,10
1281,4828,10,100

Range : 3507,4237,310,300
3507,4237,100,10
3607,4237,10,100
3607,4337,100,10
3707,4337,10,100
3707,4437,100,10
3807,4437,10,100

Range : 4528,5286,100,10
4528,5286,100,10

Range : 1463,2146,200,100
1463,2236,100,10
1563,2146,10,100
1563,2146,100,10

Range : 2678,4020,310,200
2678,4020,200,10
2878,4020,10,100
2878,4120,100,10
2978,4120,10,100

Range : 2854,2008,110,100
2854,2008,100,10
2954,2008,10,100

Range : 202,4969,100,10
202,4969,100,10

Range : 2982,794,210,200
2982,794,100,10
3082,794,10,100
3082,894,100,10
3182,894,10,100

Range : 125,5544,200,210
125,5544,100,10
225,5544,10,200
225,5744,100,10

Range : 113,1317,100,10
113,1317,100,10

Range : 3603,5435,210,190
3603,5615,100,10
3703,5435,10,190
3703,5435,100,10
3803,5435,10,100

Range : 297,4439,100,10
297,4439,100,10

Range : 615,1553,400,310
615,1553,300,10
915,1553,10,300
915,1853,100,10

Range : 1283,365,210,370
1283,725,100,10
1383,635,10,100
1383,635,100,10
1483,365,10,280

Range : 5141,964,100,10
5141,964,100,10

Range : 1728,4020,110,100
1728,4110,100,10
1828,4020,10,100

Range : 23,4364,100,10
23,4364,100,10

Range : 531,770,100,10
531,770,100,10

Range : 4963,2488,210,190
4963,2668,100,10
5063,2578,10,100
5063,2578,100,10
5163,2488,10,100

Range : 1345,801,210,200
1345,981,100,10
1445,801,10,190
1445,801,100,10
1545,801,10,200

Range : 3317,864,110,100
3317,864,100,10
3417,864,10,100

Range : 1597,239,400,110
1597,239,100,10
1697,239,10,100
1697,339,100,10
1797,249,10,100
1797,249,200,10

Range : 366,1793,100,10
366,1793,100,10

Range : 1012,4768,110,190
1012,4948,100,10
1112,4768,10,190

Range : 3378,1379,200,10
3378,1379,200,10

Range : 3605,3276,100,10
3605,3276,100,10

Range : 4157,5437,200,110
4157,5437,100,10
4257,5437,10,100
4257,5537,100,10

Range : 5201,5284,410,460
5201,5634,100,10
5301,5634,10,100
5301,5734,100,10
5401,5554,10,190
5401,5554,100,10
5501,5464,10,100
5501,5464,100,10
5601,5284,10,190

Range : 4864,4723,110,100
4864,4723,100,10
4964,4723,10,100

Range : 1458,4638,100,10
1458,4638,100,10

Range : 3697,2731,210,370
3697,3091,200,10
3897,2731,10,370

Range : 4073,2733,110,100
4073,2733,100,10
4173,2733,10,100

Range : 2086,3236,100,10
2086,3236,100,10

Range : 157,1852,300,110
157,1852,100,10
257,1852,10,100
257,1952,200,10

Range : 1478,4144,110,400
1478,4144,100,10
1578,4144,10,400

Range : 2049,1891,110,100
2049,1891,100,10
2149,1891,10,100

Range : 3642,1256,300,110
3642,1256,100,10
3742,1256,10,100
3742,1356,200,10

Range : 3498,1674,200,100
3498,1764,100,10
3598,1674,10,100
3598,1674,100,10

Range : 911,5658,100,10
911,5658,100,10

Range : 3063,4922,210,100
3063,5012,200,10
3263,4922,10,100

Range : 577,4954,100,10
577,4954,100,10

Range : 184,1724,110,100
184,1814,100,10
284,1724,10,100

Range : 94,882,200,210
94,882,100,10
194,882,10,200
194,1082,100,10

Range : 964,2649,210,100
964,2739,200,10
1164,2649,10,100

Range : 1073,743,300,100
1073,833,100,10
1173,743,10,100
1173,743,200,10

Range : 593,2210,100,10
593,2210,100,10

Range : 4970,4598,410,300
4970,4688,100,10
5070,4598,10,100
5070,4598,100,10
5170,4598,10,100
5170,4698,100,10
5270,4698,10,100
5270,4798,100,10
5370,4798,10,100

Range : 474,5224,200,10
474,5224,200,10

Range : 966,1927,410,100
966,2017,400,10
1366,1927,10,100

Range : 5016,3506,110,280
5016,3776,100,10
5116,3506,10,280

Range : 4058,2952,100,10
4058,2952,100,10

Range : 2465,279,300,110
2465,279,200,10
2665,279,10,100
2665,379,100,10

Range : 3801,807,210,190
3801,987,100,10
3901,897,10,100
3901,897,100,10
4001,807,10,100

Range : 3397,3197,200,10
3397,3197,200,10

Range : 1866,1322,210,100
1866,1412,200,10
2066,1322,10,100

Range : 2751,3966,100,10
2751,3966,100,10

Range : 3230,1222,300,190
3230,1402,100,10
3330,1222,10,190
3330,1222,200,10

Range : 1661,4065,300,190
1661,4245,100,10
1761,4155,10,100
1761,4155,100,10
1861,4065,10,100
1861,4065,100,10

Range : 3853,3809,200,210
3853,3809,100,10
3953,3809,10,200
3953,4009,100,10

Range : 1959,5663,210,700
1959,5663,100,10
2059,5663,10,100
2059,5763,100,10
2159,5763,10,600

Range : 4300,5018,210,100
4300,5108,100,10
4400,5018,10,100
4400,5018,100,10
4500,5018,10,100

Range : 5092,1031,210,200
5092,1031,100,10
5192,1031,10,100
5192,1131,100,10
5292,1131,10,100

Range : 3026,2714,300,210
3026,2714,100,10
3126,2714,10,200
3126,2914,200,10

Range : 2203,3776,200,10
2203,3776,200,10

Range : 4458,4262,210,100
4458,4262,200,10
4658,4262,10,100

Range : 2201,3090,100,10
2201,3090,100,10

Range : 859,1538,200,10
859,1538,200,10

Range : 3584,3924,110,100
3584,3924,100,10
3684,3924,10,100

Range : 2990,669,210,200
2990,759,100,10
3090,669,10,100
3090,669,100,10
3190,669,10,200

Range : 1174,2597,100,10
1174,2597,100,10

Range : 640,5198,200,10
640,5198,200,10

Range : 721,2831,200,110
721,2831,100,10
821,2831,10,100
821,2931,100,10

Range : 3372,3235,110,300
3372,3235,100,10
3472,3235,10,300

Range : 228,5035,100,10
228,5035,100,10

Range : 3321,746,210,100
3321,746,200,10
3521,746,10,100

Range : 827,597,500,190
827,777,100,10
927,597,10,190
927,597,200,10
1127,597,10,100
1127,697,200,10

Range : 3389,4345,110,500
3389,4345,100,10
3489,4345,10,500

Range : 706,2667,110,100
706,2667,100,10
806,2667,10,100

Range : 3631,1821,200,10
3631,1821,200,10

Range : 1798,3262,110,190
1798,3442,100,10
1898,3262,10,190

Range : 4588,2036,100,10
4588,2036,100,10

Range : 507,2903,100,10
507,2903,100,10

Range : 3712,3690,200,10
3712,3690,200,10

Range : 2405,5439,100,10
2405,5439,100,10

