Range : 688,3466,500,320
688,3466,200,10
888,3466,10,100
888,3566,100,10
988,3476,10,100
988,3476,100,10
1088,3476,10,300
1088,3776,100,10

Range : 4929,4610,500,100
4929,4700,200,10
5129,4610,10,100
5129,4610,300,10

Range : 807,2258,410,510
807,2258,100,10
907,2258,10,500
907,2758,300,10
1207,2668,10,100

Range : 1540,3131,410,460
1540,3581,200,10
1740,3401,10,190
1740,3401,100,10
1840,3221,10,190
1840,3221,100,10
1940,3131,10,100

Range : 4981,5065,400,310
4981,5065,100,10
5081,5065,10,200
5081,5265,100,10
5181,5265,10,100
5181,5365,100,10
5281,5095,10,280
5281,5095,100,10

Range : 2476,3632,310,280
2476,3902,300,10
2776,3632,10,280

Range : 2423,623,410,600
2423,623,100,10
2523,623,10,100
2523,723,200,10
2723,723,10,300
2723,1023,100,10
2823,1023,10,200

Range : 3006,4031,600,190
3006,4111,200,10
3206,4111,10,100
3206,4211,300,10
3506,4031,10,190
3506,4031,100,10

Range : 4874,1053,210,600
4874,1053,100,10
4974,1053,10,300
4974,1353,100,10
5074,1353,10,300

Range : 436,2898,410,300
436,2898,300,10
736,2898,10,200
736,3098,100,10
836,3098,10,100

Range : 3107,3248,500,210
3107,3248,400,10
3507,3248,10,200
3507,3448,100,10

Range : 306,3476,410,190
306,3556,100,10
406,3556,10,100
406,3656,100,10
506,3566,10,100
506,3566,200,10
706,3476,10,100

Range : 965,3412,100,10
965,3412,100,10

Range : 4242,44,410,190
4242,224,200,10
4442,134,10,100
4442,134,100,10
4542,44,10,100
4542,44,100,10
4642,44,10,100

Range : 1965,1289,210,600
1965,1289,100,10
2065,1289,10,100
2065,1389,100,10
2165,1389,10,500

Range : 2156,2012,200,410
2156,2012,100,10
2256,2012,10,400
2256,2412,100,10

Range : 122,2504,510,210
122,2504,200,10
322,2504,10,200
322,2704,200,10
522,2614,10,100
522,2614,100,10
622,2524,10,100

Range : 2910,5124,410,110
2910,5214,200,10
3110,5124,10,100
3110,5124,100,10
3210,5124,10,100
3210,5224,100,10
3310,5134,10,100

Range : 2331,981,110,460
2331,1431,100,10
2431,981,10,460

Range : 3820,4366,210,370
3820,4726,100,10
3920,4636,10,100
3920,4636,100,10
4020,4366,10,280

Range : 634,4038,410,400
634,4038,100,10
734,4038,10,200
734,4238,100,10
834,4238,10,100
834,4338,200,10
1034,4338,10,100

Range : 34,2856,200,510
34,2856,100,10
134,2856,10,500
134,3356,100,10

Range : 602,4558,310,410
602,4558,100,10
702,4558,10,100
702,4658,100,10
802,4658,10,300
802,4958,100,10
902,4688,10,280

Range : 2755,3798,310,280
2755,3968,100,10
2855,3968,10,100
2855,4068,100,10
2955,3798,10,280
2955,3798,100,10
3055,3798,10,100

Range : 2856,1277,600,310
2856,1277,300,10
3156,1277,10,100
3156,1377,100,10
3256,1377,10,200
3256,1577,200,10

Range : 4163,4473,410,210
4163,4473,200,10
4363,4473,10,200
4363,4673,100,10
4463,4583,10,100
4463,4583,100,10
4563,4583,10,100

Range : 3337,2176,400,190
3337,2356,100,10
3437,2266,10,100
3437,2266,200,10
3637,2176,10,100
3637,2176,100,10

Range : 4724,2839,410,460
4724,3289,100,10
4824,3199,10,100
4824,3199,300,10
5124,2839,10,370

Range : 1642,2712,310,400
1642,2712,100,10
1742,2712,10,200
1742,2912,100,10
1842,2912,10,100
1842,3012,100,10
1942,3012,10,100

Range : 4257,2304,310,280
4257,2374,100,10
4357,2374,10,200
4357,2574,200,10
4557,2304,10,280

Range : 1628,2516,110,100
1628,2516,100,10
1728,2516,10,100

Range : 1761,1261,200,100
1761,1351,100,10
1861,1261,10,100
1861,1261,100,10

Range : 2039,3799,300,310
2039,3799,100,10
2139,3799,10,300
2139,4099,200,10

Range : 785,2012,410,190
785,2192,400,10
1185,2012,10,190

Range : 1249,2372,610,110
1249,2462,100,10
1349,2372,10,100
1349,2372,100,10
1449,2372,10,100
1449,2472,100,10
1549,2382,10,100
1549,2382,300,10
1849,2382,10,100

Range : 1153,238,310,300
1153,328,200,10
1353,238,10,100
1353,238,100,10
1453,238,10,300

Range : 3801,2653,200,550
3801,3193,100,10
3901,2653,10,550
3901,2653,100,10

Range : 887,797,800,210
887,797,200,10
1087,797,10,100
1087,897,300,10
1387,897,10,100
1387,997,300,10

Range : 1264,4670,610,110
1264,4670,200,10
1464,4670,10,100
1464,4770,400,10
1864,4680,10,100

Range : 3321,925,410,310
3321,925,100,10
3421,925,10,100
3421,1025,100,10
3521,1025,10,100
3521,1125,100,10
3621,1125,10,100
3621,1225,100,10
3721,1135,10,100

Range : 3519,3678,210,640
3519,4308,100,10
3619,3858,10,460
3619,3858,100,10
3719,3678,10,190

Range : 137,735,410,460
137,1185,100,10
237,1095,10,100
237,1095,100,10
337,735,10,370
337,735,200,10
537,735,10,100

Range : 3588,1581,300,280
3588,1851,100,10
3688,1671,10,190
3688,1671,100,10
3788,1581,10,100
3788,1581,100,10

Range : 4067,881,410,370
4067,1241,200,10
4267,971,10,280
4267,971,200,10
4467,881,10,100

Range : 3694,4220,400,460
3694,4670,100,10
3794,4310,10,370
3794,4310,200,10
3994,4220,10,100
3994,4220,100,10

Range : 4022,297,310,600
4022,297,200,10
4222,297,10,200
4222,497,100,10
4322,497,10,400

Range : 753,1449,210,610
753,1449,100,10
853,1449,10,600
853,2049,100,10
953,1869,10,190

Range : 4588,1457,310,500
4588,1457,100,10
4688,1457,10,100
4688,1557,100,10
4788,1557,10,300
4788,1857,100,10
4888,1857,10,100

Range : 1383,1505,500,100
1383,1595,200,10
1583,1505,10,100
1583,1505,300,10

Range : 4561,4693,400,510
4561,4693,200,10
4761,4693,10,300
4761,4993,100,10
4861,4993,10,200
4861,5193,100,10

Range : 2777,5199,200,10
2777,5199,200,10

Range : 612,5442,410,500
612,5442,100,10
712,5442,10,100
712,5542,200,10
912,5542,10,200
912,5742,100,10
1012,5742,10,200

Range : 2901,5094,200,10
2901,5094,200,10

Range : 924,2781,310,280
924,3051,300,10
1224,2781,10,280

Range : 1335,1626,210,100
1335,1716,200,10
1535,1626,10,100

Range : 392,1596,310,370
392,1956,100,10
492,1686,10,280
492,1686,100,10
592,1596,10,100
592,1596,100,10
692,1596,10,200

Range : 2955,1730,600,210
2955,1820,100,10
3055,1730,10,100
3055,1730,300,10
3355,1730,10,200
3355,1930,200,10

Range : 4677,4384,400,310
4677,4384,100,10
4777,4384,10,300
4777,4684,100,10
4877,4594,10,100
4877,4594,200,10

Range : 321,2720,110,100
321,2810,100,10
421,2720,10,100

Range : 5055,3323,310,210
5055,3323,100,10
5155,3323,10,100
5155,3423,100,10
5255,3423,10,100
5255,3523,100,10
5355,3433,10,100

Range : 3843,859,400,190
3843,1039,100,10
3943,859,10,190
3943,859,200,10
4143,859,10,100
4143,959,100,10

Range : 2286,2745,500,210
2286,2825,100,10
2386,2825,10,100
2386,2925,100,10
2486,2835,10,100
2486,2835,100,10
2586,2745,10,100
2586,2745,100,10
2686,2745,10,200
2686,2945,100,10

Range : 3255,2352,300,280
3255,2622,100,10
3355,2532,10,100
3355,2532,100,10
3455,2352,10,190
3455,2352,100,10

Range : 3227,2143,210,200
3227,2143,100,10
3327,2143,10,100
3327,2243,100,10
3427,2243,10,100

Range : 5160,964,400,190
5160,1044,100,10
5260,1044,10,100
5260,1144,100,10
5360,1054,10,100
5360,1054,100,10
5460,964,10,100
5460,964,100,10

Range : 1371,1084,300,10
1371,1084,300,10

Range : 3994,2021,510,190
3994,2201,200,10
4194,2111,10,100
4194,2111,300,10
4494,2021,10,100

Range : 3967,1058,200,100
3967,1148,100,10
4067,1058,10,100
4067,1058,100,10

Range : 4612,136,510,190
4612,316,200,10
4812,226,10,100
4812,226,200,10
5012,136,10,100
5012,136,100,10
5112,136,10,100

Range : 3842,361,210,190
3842,441,100,10
3942,441,10,100
3942,541,100,10
4042,361,10,190

Range : 4492,5537,310,280
4492,5807,100,10
4592,5717,10,100
4592,5717,200,10
4792,5537,10,190

Range : 3115,940,300,100
3115,1030,100,10
3215,940,10,100
3215,940,200,10

Range : 1478,1804,400,210
1478,1804,300,10
1778,1804,10,200
1778,2004,100,10

Range : 435,4911,310,190
435,5091,100,10
535,4911,10,190
535,4911,200,10
735,4911,10,100

Range : 667,3222,110,200
667,3222,100,10
767,3222,10,200

Range : 2516,1273,400,110
2516,1363,200,10
2716,1273,10,100
2716,1273,100,10
2816,1273,10,100
2816,1373,100,10

Range : 2028,4922,210,210
2028,4922,100,10
2128,4922,10,200
2128,5122,100,10
2228,4942,10,190

Range : 3975,1441,410,190
3975,1521,300,10
4275,1521,10,100
4275,1621,100,10
4375,1441,10,190

Range : 4450,4085,410,280
4450,4255,300,10
4750,4255,10,100
4750,4355,100,10
4850,4085,10,280

Range : 220,4692,300,310
220,4692,100,10
320,4692,10,300
320,4992,200,10

Range : 5171,944,200,110
5171,944,100,10
5271,944,10,100
5271,1044,100,10

Range : 3124,2024,600,110
3124,2024,200,10
3324,2024,10,100
3324,2124,100,10
3424,2034,10,100
3424,2034,300,10

Range : 3859,286,110,200
3859,286,100,10
3959,286,10,200

Range : 3232,497,500,280
3232,667,200,10
3432,667,10,100
3432,767,100,10
3532,677,10,100
3532,677,100,10
3632,497,10,190
3632,497,100,10

Range : 2106,4245,310,280
2106,4415,100,10
2206,4415,10,100
2206,4515,100,10
2306,4335,10,190
2306,4335,100,10
2406,4245,10,100

Range : 3645,5433,400,190
3645,5613,100,10
3745,5523,10,100
3745,5523,100,10
3845,5433,10,100
3845,5433,200,10

Range : 1670,4317,210,280
1670,4487,100,10
1770,4487,10,100
1770,4587,100,10
1870,4317,10,280

Range : 3970,3633,210,280
3970,3703,100,10
4070,3703,10,200
4070,3903,100,10
4170,3633,10,280

Range : 5098,3443,110,100
5098,3533,100,10
5198,3443,10,100

Range : 4073,3951,100,10
4073,3951,100,10

Range : 4713,3651,410,210
4713,3831,100,10
4813,3651,10,190
4813,3651,200,10
5013,3651,10,200
5013,3851,100,10
5113,3761,10,100

Range : 2796,4701,410,200
2796,4701,100,10
2896,4701,10,100
2896,4801,300,10
3196,4801,10,100

Range : 3241,3499,300,10
3241,3499,300,10

Range : 1397,4182,200,510
1397,4182,100,10
1497,4182,10,500
1497,4682,100,10

Range : 1321,1808,110,100
1321,1898,100,10
1421,1808,10,100

Range : 3635,4977,510,310
3635,4977,200,10
3835,4977,10,300
3835,5277,200,10
4035,5187,10,100
4035,5187,100,10
4135,5097,10,100

Range : 1453,5359,400,220
1453,5359,100,10
1553,5359,10,200
1553,5559,100,10
1653,5469,10,100
1653,5469,100,10
1753,5469,10,100
1753,5569,100,10

Range : 1470,1319,200,110
1470,1319,100,10
1570,1319,10,100
1570,1419,100,10

Range : 1936,5156,210,200
1936,5336,100,10
2036,5156,10,190
2036,5156,100,10
2136,5156,10,200

Range : 3163,2013,210,100
3163,2013,200,10
3363,2013,10,100

Range : 4520,4428,200,10
4520,4428,200,10

Range : 3261,2797,410,300
3261,2977,100,10
3361,2797,10,190
3361,2797,300,10
3661,2797,10,300

Range : 3178,832,110,100
3178,832,100,10
3278,832,10,100

Range : 4684,1883,500,100
4684,1973,300,10
4984,1883,10,100
4984,1883,200,10

Range : 427,4186,410,400
427,4186,100,10
527,4186,10,100
527,4286,100,10
627,4286,10,100
627,4386,200,10
827,4386,10,200

Range : 4221,3418,500,190
4221,3598,200,10
4421,3508,10,100
4421,3508,200,10
4621,3418,10,100
4621,3418,100,10

Range : 421,2352,200,110
421,2352,100,10
521,2352,10,100
521,2452,100,10

Range : 687,5159,510,190
687,5239,100,10
787,5239,10,100
787,5339,100,10
887,5159,10,190
887,5159,300,10
1187,5159,10,100

Range : 4762,736,410,100
4762,826,100,10
4862,736,10,100
4862,736,300,10
5162,736,10,100

Range : 3406,4885,400,510
3406,4885,100,10
3506,4885,10,300
3506,5185,100,10
3606,5185,10,100
3606,5285,100,10
3706,5285,10,100
3706,5385,100,10

Range : 1739,298,310,600
1739,298,100,10
1839,298,10,100
1839,398,100,10
1939,398,10,400
1939,798,100,10
2039,798,10,100

Range : 1018,1883,110,300
1018,1883,100,10
1118,1883,10,300

Range : 2865,4227,510,200
2865,4307,200,10
3065,4307,10,100
3065,4407,100,10
3165,4317,10,100
3165,4317,100,10
3265,4227,10,100
3265,4227,100,10
3365,4227,10,200

Range : 159,3601,410,110
159,3601,200,10
359,3601,10,100
359,3701,200,10
559,3611,10,100

Range : 5010,3908,310,200
5010,3998,200,10
5210,3908,10,100
5210,3908,100,10
5310,3908,10,200

Range : 665,2774,110,300
665,2774,100,10
765,2774,10,300

Range : 2117,3221,210,370
2117,3581,100,10
2217,3311,10,280
2217,3311,100,10
2317,3221,10,100

Range : 3333,3034,400,210
3333,3124,100,10
3433,3034,10,100
3433,3034,100,10
3533,3034,10,200
3533,3234,100,10
3633,3144,10,100
3633,3144,100,10

Range : 82,4050,400,280
82,4320,200,10
282,4050,10,280
282,4050,100,10
382,4050,10,100
382,4150,100,10

Range : 2341,4590,510,190
2341,4770,300,10
2641,4680,10,100
2641,4680,200,10
2841,4590,10,100

Range : 1967,4437,500,370
1967,4797,100,10
2067,4707,10,100
2067,4707,200,10
2267,4617,10,100
2267,4617,100,10
2367,4437,10,190
2367,4437,100,10

Range : 4586,1997,410,280
4586,2267,200,10
4786,2087,10,190
4786,2087,200,10
4986,1997,10,100

Range : 4265,5347,410,300
4265,5347,400,10
4665,5347,10,300

Range : 4962,5898,210,210
4962,5898,100,10
5062,5898,10,200
5062,6098,100,10
5162,5918,10,190

Range : 2035,2072,200,280
2035,2342,100,10
2135,2072,10,280
2135,2072,100,10

Range : 5160,4544,100,10
5160,4544,100,10

Range : 4917,2751,200,10
4917,2751,200,10

Range : 5152,4562,100,10
5152,4562,100,10

Range : 3273,3952,210,200
3273,3952,200,10
3473,3952,10,200

Range : 254,1826,200,10
254,1826,200,10

Range : 1029,946,300,100
1029,1036,100,10
1129,946,10,100
1129,946,200,10

Range : 2545,1684,600,410
2545,1684,100,10
2645,1684,10,100
2645,1784,100,10
2745,1784,10,100
2745,1884,200,10
2945,1884,10,100
2945,1984,100,10
3045,1984,10,100
3045,2084,100,10

Range : 3754,4873,400,110
3754,4873,100,10
3854,4873,10,100
3854,4973,200,10
4054,4883,10,100
4054,4883,100,10

Range : 1883,1122,210,200
1883,1212,100,10
1983,1122,10,100
1983,1122,100,10
2083,1122,10,200

Range : 3920,1660,400,190
3920,1740,100,10
4020,1740,10,100
4020,1840,100,10
4120,1660,10,190
4120,1660,200,10

Range : 2072,4807,500,210
2072,4807,100,10
2172,4807,10,100
2172,4907,100,10
2272,4907,10,100
2272,5007,100,10
2372,4917,10,100
2372,4917,200,10

Range : 3887,589,210,200
3887,769,100,10
3987,589,10,190
3987,589,100,10
4087,589,10,200

Range : 1470,3884,400,210
1470,3884,100,10
1570,3884,10,100
1570,3984,200,10
1770,3984,10,100
1770,4084,100,10

Range : 2425,1806,400,410
2425,1806,100,10
2525,1806,10,200
2525,2006,100,10
2625,2006,10,100
2625,2106,100,10
2725,2106,10,100
2725,2206,100,10

Range : 3093,2183,200,100
3093,2273,100,10
3193,2183,10,100
3193,2183,100,10

Range : 1611,5160,500,210
1611,5160,100,10
1711,5160,10,100
1711,5260,200,10
1911,5260,10,100
1911,5360,200,10

Range : 3514,1314,110,100
3514,1404,100,10
3614,1314,10,100

Range : 1701,3645,600,100
1701,3735,500,10
2201,3645,10,100
2201,3645,100,10

Range : 1817,688,310,370
1817,1048,100,10
1917,958,10,100
1917,958,200,10
2117,688,10,280

Range : 405,5158,100,10
405,5158,100,10

Range : 2936,3083,210,600
2936,3083,100,10
3036,3083,10,300
3036,3383,100,10
3136,3383,10,300

Range : 1556,2079,310,190
1556,2259,100,10
1656,2169,10,100
1656,2169,200,10
1856,2079,10,100

Range : 2003,2741,300,190
2003,2921,200,10
2203,2741,10,190
2203,2741,100,10

Range : 3735,887,110,100
3735,887,100,10
3835,887,10,100

Range : 1892,2422,210,100
1892,2512,200,10
2092,2422,10,100

Range : 5014,4182,310,190
5014,4262,200,10
5214,4262,10,100
5214,4362,100,10
5314,4182,10,190

Range : 1834,1784,210,500
1834,1784,100,10
1934,1784,10,400
1934,2184,100,10
2034,2184,10,100

Range : 4036,3217,400,190
4036,3397,100,10
4136,3217,10,190
4136,3217,300,10

Range : 4373,3582,410,370
4373,3942,300,10
4673,3672,10,280
4673,3672,100,10
4773,3582,10,100

Range : 3244,1810,110,190
3244,1990,100,10
3344,1810,10,190

Range : 3012,5299,300,10
3012,5299,300,10

Range : 3779,697,100,10
3779,697,100,10

Range : 3337,4785,110,100
3337,4785,100,10
3437,4785,10,100

Range : 1557,3718,400,100
1557,3808,100,10
1657,3718,10,100
1657,3718,300,10

Range : 4889,5295,200,100
4889,5385,100,10
4989,5295,10,100
4989,5295,100,10

Range : 2175,1517,310,200
2175,1697,100,10
2275,1517,10,190
2275,1517,100,10
2375,1517,10,100
2375,1617,100,10
2475,1617,10,100

Range : 3050,1166,500,110
3050,1166,100,10
3150,1166,10,100
3150,1266,200,10
3350,1176,10,100
3350,1176,200,10

Range : 3307,895,210,100
3307,895,200,10
3507,895,10,100

Range : 4397,1659,210,600
4397,1659,100,10
4497,1659,10,200
4497,1859,100,10
4597,1859,10,400

Range : 2233,3930,500,210
2233,4110,200,10
2433,4020,10,100
2433,4020,100,10
2533,3930,10,100
2533,3930,100,10
2633,3930,10,200
2633,4130,100,10

Range : 2869,915,310,110
2869,915,200,10
3069,915,10,100
3069,1015,100,10
3169,925,10,100

Range : 2152,1225,110,200
2152,1225,100,10
2252,1225,10,200

Range : 1385,751,400,110
1385,751,100,10
1485,751,10,100
1485,851,100,10
1585,761,10,100
1585,761,200,10

Range : 4683,965,200,210
4683,965,100,10
4783,965,10,200
4783,1165,100,10

Range : 3135,4593,310,100
3135,4683,200,10
3335,4593,10,100
3335,4593,100,10
3435,4593,10,100

Range : 3952,5576,410,300
3952,5666,300,10
4252,5576,10,100
4252,5576,100,10
4352,5576,10,300

Range : 3436,1955,100,10
3436,1955,100,10

Range : 4262,2712,600,190
4262,2892,300,10
4562,2802,10,100
4562,2802,100,10
4662,2712,10,100
4662,2712,200,10

Range : 4335,2193,300,110
4335,2283,100,10
4435,2193,10,100
4435,2193,100,10
4535,2193,10,100
4535,2293,100,10

Range : 4075,1972,110,200
4075,1972,100,10
4175,1972,10,200

Range : 1768,1693,400,210
1768,1693,200,10
1968,1693,10,200
1968,1893,200,10

Range : 31,2770,100,10
31,2770,100,10

Range : 827,706,100,10
827,706,100,10

Range : 747,848,310,100
747,938,300,10
1047,848,10,100

Range : 2572,2983,200,370
2572,3343,100,10
2672,2983,10,370
2672,2983,100,10

Range : 696,5387,110,100
696,5387,100,10
796,5387,10,100

Range : 3030,2211,210,190
3030,2391,100,10
3130,2301,10,100
3130,2301,100,10
3230,2211,10,100

Range : 3076,549,110,200
3076,549,100,10
3176,549,10,200

Range : 102,2178,610,200
102,2358,300,10
402,2268,10,100
402,2268,100,10
502,2178,10,100
502,2178,100,10
602,2178,10,100
602,2278,100,10
702,2278,10,100

Range : 3854,3631,110,600
3854,3631,100,10
3954,3631,10,600

Range : 1150,1212,310,100
1150,1212,300,10
1450,1212,10,100

Range : 1700,2559,400,280
1700,2629,100,10
1800,2629,10,200
1800,2829,100,10
1900,2739,10,100
1900,2739,100,10
2000,2559,10,190
2000,2559,100,10

Range : 1302,2222,210,200
1302,2312,100,10
1402,2222,10,100
1402,2222,100,10
1502,2222,10,200

Range : 1154,4217,300,100
1154,4307,100,10
1254,4217,10,100
1254,4217,200,10

Range : 1036,4725,310,280
1036,4995,200,10
1236,4905,10,100
1236,4905,100,10
1336,4725,10,190

Range : 1538,1218,300,110
1538,1218,200,10
1738,1218,10,100
1738,1318,100,10

Range : 4764,2415,310,300
4764,2415,200,10
4964,2415,10,100
4964,2515,100,10
5064,2515,10,200

Range : 467,1892,510,190
467,2072,500,10
967,1892,10,190

Range : 686,2382,210,110
686,2382,100,10
786,2382,10,100
786,2482,100,10
886,2392,10,100

Range : 4101,2352,400,110
4101,2442,100,10
4201,2352,10,100
4201,2352,200,10
4401,2352,10,100
4401,2452,100,10

Range : 222,1391,310,200
222,1481,200,10
422,1391,10,100
422,1391,100,10
522,1391,10,200

Range : 3760,3409,410,400
3760,3409,300,10
4060,3409,10,200
4060,3609,100,10
4160,3609,10,200

Range : 1258,1923,110,190
1258,2103,100,10
1358,1923,10,190

Range : 859,4974,500,100
859,5064,400,10
1259,4974,10,100
1259,4974,100,10

Range : 4715,628,210,100
4715,718,100,10
4815,628,10,100
4815,628,100,10
4915,628,10,100

Range : 3458,5200,110,280
3458,5470,100,10
3558,5200,10,280

Range : 1136,4401,110,100
1136,4491,100,10
1236,4401,10,100

Range : 2797,4167,200,110
2797,4167,100,10
2897,4167,10,100
2897,4267,100,10

Range : 70,-23,400,310
70,247,100,10
170,-23,10,280
170,-23,100,10
270,-23,10,300
270,277,200,10

Range : 4659,794,200,10
4659,794,200,10

Range : 4414,4462,100,10
4414,4462,100,10

Range : 1569,5586,200,100
1569,5676,100,10
1669,5586,10,100
1669,5586,100,10

Range : 3177,-207,500,460
3177,243,100,10
3277,153,10,100
3277,153,100,10
3377,63,10,100
3377,63,100,10
3477,-207,10,280
3477,-207,200,10

Range : 1252,4340,210,200
1252,4340,200,10
1452,4340,10,200

Range : 1290,3767,200,110
1290,3767,100,10
1390,3767,10,100
1390,3867,100,10

Range : 104,5034,510,200
104,5124,100,10
204,5034,10,100
204,5034,200,10
404,5034,10,100
404,5134,200,10
604,5134,10,100

Range : 61,3187,500,190
61,3367,200,10
261,3187,10,190
261,3187,200,10
461,3187,10,100
461,3287,100,10

Range : 4086,1870,410,110
4086,1870,100,10
4186,1870,10,100
4186,1970,200,10
4386,1880,10,100
4386,1880,100,10
4486,1880,10,100

Range : 4534,2870,110,190
4534,3050,100,10
4634,2870,10,190

Range : 2100,295,310,200
2100,385,100,10
2200,295,10,100
2200,295,200,10
2400,295,10,200

Range : 3002,5599,410,410
3002,5599,100,10
3102,5599,10,200
3102,5799,200,10
3302,5799,10,200
3302,5999,100,10
3402,5909,10,100

Range : 2128,95,510,190
2128,275,300,10
2428,95,10,190
2428,95,100,10
2528,95,10,100
2528,195,100,10
2628,105,10,100

Range : 1093,3849,400,310
1093,3849,100,10
1193,3849,10,100
1193,3949,100,10
1293,3949,10,100
1293,4049,100,10
1393,4049,10,100
1393,4149,100,10

Range : 2226,2843,110,190
2226,3023,100,10
2326,2843,10,190

Range : 4258,2978,200,100
4258,3068,100,10
4358,2978,10,100
4358,2978,100,10

Range : 2547,4142,300,10
2547,4142,300,10

Range : 1213,1472,210,100
1213,1472,200,10
1413,1472,10,100

Range : 421,3716,110,400
421,3716,100,10
521,3716,10,400

Range : 2939,2505,210,370
2939,2865,100,10
3039,2775,10,100
3039,2775,100,10
3139,2505,10,280

Range : 30,3741,410,280
30,4011,200,10
230,3921,10,100
230,3921,200,10
430,3741,10,190

Range : 4001,2794,300,210
4001,2884,100,10
4101,2794,10,100
4101,2794,100,10
4201,2794,10,200
4201,2994,100,10

Range : 2049,2059,100,10
2049,2059,100,10

Range : 4302,4270,310,400
4302,4270,100,10
4402,4270,10,300
4402,4570,200,10
4602,4570,10,100

Range : 5184,931,300,10
5184,931,300,10

Range : 902,771,100,10
902,771,100,10

Range : 374,4666,310,210
374,4666,100,10
474,4666,10,100
474,4766,100,10
574,4676,10,100
574,4676,100,10
674,4676,10,200

Range : 4090,2512,210,190
4090,2692,200,10
4290,2512,10,190

Range : 1461,1117,110,100
1461,1207,100,10
1561,1117,10,100

Range : 2825,3676,600,110
2825,3676,300,10
3125,3676,10,100
3125,3776,300,10

Range : 1876,3828,300,510
1876,3828,100,10
1976,3828,10,100
1976,3928,100,10
2076,3928,10,400
2076,4328,100,10

Range : 3003,4409,310,100
3003,4499,300,10
3303,4409,10,100

Range : 2314,5100,310,370
2314,5360,100,10
2414,5360,10,100
2414,5460,100,10
2514,5370,10,100
2514,5370,100,10
2614,5100,10,280

Range : 2825,3475,110,200
2825,3475,100,10
2925,3475,10,200

Range : 3978,2582,110,300
3978,2582,100,10
4078,2582,10,300

Range : 884,3885,300,10
884,3885,300,10

Range : 68,1392,410,310
68,1392,100,10
168,1392,10,100
168,1492,100,10
268,1492,10,200
268,1692,100,10
368,1602,10,100
368,1602,100,10
468,1512,10,100

Range : 5148,3108,500,210
5148,3108,200,10
5348,3108,10,200
5348,3308,100,10
5448,3128,10,190
5448,3128,200,10

Range : 2277,1744,200,190
2277,1924,100,10
2377,1744,10,190
2377,1744,100,10

Range : 3904,1215,100,10
3904,1215,100,10

Range : 3837,1890,210,300
3837,1890,200,10
4037,1890,10,300

Range : 5111,1416,510,210
5111,1596,200,10
5311,1416,10,190
5311,1416,100,10
5411,1416,10,200
5411,1616,200,10
5611,1526,10,100

Range : 4654,747,100,10
4654,747,100,10

Range : 2127,991,300,10
2127,991,300,10

Range : 2705,2075,310,280
2705,2345,100,10
2805,2255,10,100
2805,2255,100,10
2905,2165,10,100
2905,2165,100,10
3005,2075,10,100

Range : 4910,3529,100,10
4910,3529,100,10

Range : 2435,151,510,190
2435,321,200,10
2635,231,10,100
2635,231,100,10
2735,231,10,100
2735,331,100,10
2835,151,10,190
2835,151,100,10
2935,151,10,100

Range : 2302,3437,600,280
2302,3707,200,10
2502,3617,10,100
2502,3617,300,10
2802,3437,10,190
2802,3437,100,10

Range : 4267,3847,100,10
4267,3847,100,10

Range : 2422,4903,400,190
2422,5083,100,10
2522,4993,10,100
2522,4993,100,10
2622,4903,10,100
2622,4903,200,10

Range : 181,1940,210,280
181,2010,100,10
281,2010,10,200
281,2210,100,10
381,1940,10,280

Range : 275,2997,110,100
275,2997,100,10
375,2997,10,100

Range : 2520,4402,310,210
2520,4402,100,10
2620,4402,10,100
2620,4502,100,10
2720,4412,10,100
2720,4412,100,10
2820,4412,10,200

Range : 411,205,300,280
411,475,100,10
511,385,10,100
511,385,100,10
611,205,10,190
611,205,100,10

Range : 2234,1905,210,100
2234,1995,200,10
2434,1905,10,100

Range : 2781,5306,500,320
2781,5306,200,10
2981,5306,10,100
2981,5406,100,10
3081,5316,10,100
3081,5316,100,10
3181,5316,10,300
3181,5616,100,10

Range : 5080,909,200,10
5080,909,200,10

Range : 542,1011,310,280
542,1281,300,10
842,1011,10,280

Range : 3283,707,110,100
3283,797,100,10
3383,707,10,100

Range : 4655,3989,110,200
4655,3989,100,10
4755,3989,10,200

Range : 4656,2285,410,200
4656,2285,300,10
4956,2285,10,100
4956,2385,100,10
5056,2385,10,100

Range : 751,3961,700,210
751,3961,100,10
851,3961,10,100
851,4061,400,10
1251,4061,10,100
1251,4161,200,10

Range : 3437,2495,510,190
3437,2675,300,10
3737,2585,10,100
3737,2585,200,10
3937,2495,10,100

Range : 4186,1632,600,210
4186,1632,400,10
4586,1632,10,100
4586,1732,100,10
4686,1732,10,100
4686,1832,100,10

Range : 1246,4853,500,460
1246,5303,300,10
1546,5033,10,280
1546,5033,100,10
1646,4853,10,190
1646,4853,100,10

Range : 3685,2654,210,100
3685,2744,200,10
3885,2654,10,100

Range : 2378,3264,310,310
2378,3264,100,10
2478,3264,10,200
2478,3464,100,10
2578,3374,10,100
2578,3374,100,10
2678,3374,10,200

Range : 1771,1632,200,10
1771,1632,200,10

Range : 4646,1104,110,100
4646,1194,100,10
4746,1104,10,100

Range : 1377,5331,100,10
1377,5331,100,10

Range : 51,3489,210,100
51,3579,100,10
151,3489,10,100
151,3489,100,10
251,3489,10,100

Range : 3141,1113,300,10
3141,1113,300,10

Range : 4425,145,400,190
4425,325,100,10
4525,235,10,100
4525,235,200,10
4725,145,10,100
4725,145,100,10

Range : 1426,1982,210,200
1426,2072,100,10
1526,1982,10,100
1526,1982,100,10
1626,1982,10,200

Range : 446,5594,400,110
446,5594,200,10
646,5594,10,100
646,5694,100,10
746,5604,10,100
746,5604,100,10

Range : 2772,5245,200,10
2772,5245,200,10

Range : 557,2836,100,10
557,2836,100,10

Range : 967,2241,100,10
967,2241,100,10

Range : 288,1739,100,10
288,1739,100,10

Range : 1623,1208,210,100
1623,1208,200,10
1823,1208,10,100

Range : 3401,4386,200,100
3401,4476,100,10
3501,4386,10,100
3501,4386,100,10

Range : 1068,4347,110,100
1068,4347,100,10
1168,4347,10,100

Range : 4562,3353,100,10
4562,3353,100,10

Range : 3192,951,110,100
3192,1041,100,10
3292,951,10,100

Range : 3225,3296,500,190
3225,3466,100,10
3325,3376,10,100
3325,3376,100,10
3425,3376,10,100
3425,3476,200,10
3625,3296,10,190
3625,3296,100,10

Range : 48,5570,400,110
48,5570,100,10
148,5570,10,100
148,5670,100,10
248,5580,10,100
248,5580,200,10

Range : 4636,1210,210,100
4636,1300,200,10
4836,1210,10,100

Range : 1061,1633,300,190
1061,1813,100,10
1161,1633,10,190
1161,1633,200,10

Range : 4910,5682,510,190
4910,5762,100,10
5010,5762,10,100
5010,5862,400,10
5410,5682,10,190

Range : 5169,3420,510,370
5169,3780,200,10
5369,3690,10,100
5369,3690,100,10
5469,3600,10,100
5469,3600,200,10
5669,3420,10,190

Range : 1633,531,300,190
1633,711,100,10
1733,531,10,190
1733,531,200,10

Range : 1194,1175,300,10
1194,1175,300,10

Range : 2796,3189,300,310
2796,3189,100,10
2896,3189,10,100
2896,3289,100,10
2996,3289,10,200
2996,3489,100,10

Range : 4738,948,110,100
4738,948,100,10
4838,948,10,100

Range : 2015,2359,110,190
2015,2539,100,10
2115,2359,10,190

Range : 3609,4730,100,10
3609,4730,100,10

Range : 4485,2833,410,370
4485,3193,200,10
4685,3103,10,100
4685,3103,200,10
4885,2833,10,280

Range : 2871,1052,110,200
2871,1052,100,10
2971,1052,10,200

Range : 2912,4848,410,190
2912,5028,400,10
3312,4848,10,190

Range : 1860,2541,100,10
1860,2541,100,10

Range : 554,3788,310,100
554,3878,200,10
754,3788,10,100
754,3788,100,10
854,3788,10,100

Range : 4826,875,300,10
4826,875,300,10

Range : 4085,3087,210,100
4085,3087,200,10
4285,3087,10,100

Range : 2400,4193,200,310
2400,4193,100,10
2500,4193,10,300
2500,4493,100,10

Range : 109,1817,110,100
109,1817,100,10
209,1817,10,100

Range : 4944,5662,310,200
4944,5662,100,10
5044,5662,10,100
5044,5762,200,10
5244,5762,10,100

Range : 3852,2213,210,190
3852,2393,100,10
3952,2303,10,100
3952,2303,100,10
4052,2213,10,100

Range : 5080,63,310,280
5080,333,100,10
5180,63,10,280
5180,63,100,10
5280,63,10,100
5280,163,100,10
5380,163,10,100

Range : 3263,3881,310,100
3263,3881,300,10
3563,3881,10,100

Range : 4468,922,200,640
4468,1552,100,10
4568,922,10,640
4568,922,100,10

Range : 5047,5350,110,100
5047,5440,100,10
5147,5350,10,100

Range : 4626,290,510,280
4626,560,100,10
4726,470,10,100
4726,470,100,10
4826,290,10,190
4826,290,200,10
5026,290,10,100
5026,390,100,10
5126,390,10,100

Range : 3394,1995,100,10
3394,1995,100,10

Range : 2924,836,100,10
2924,836,100,10

Range : 3915,1235,100,10
3915,1235,100,10

Range : 4515,3268,100,10
4515,3268,100,10

Range : 4813,3434,210,100
4813,3434,200,10
5013,3434,10,100

Range : 1340,5523,300,210
1340,5523,100,10
1440,5523,10,200
1440,5723,200,10

Range : 2754,5714,310,210
2754,5714,200,10
2954,5714,10,200
2954,5914,100,10
3054,5824,10,100

Range : 2135,871,500,100
2135,961,200,10
2335,871,10,100
2335,871,300,10

Range : 330,2956,100,10
330,2956,100,10

Range : 1454,4828,100,10
1454,4828,100,10

Range : 918,1268,300,100
918,1358,100,10
1018,1268,10,100
1018,1268,200,10

Range : 3389,4257,100,10
3389,4257,100,10

Range : 966,5293,300,100
966,5383,100,10
1066,5293,10,100
1066,5293,200,10

Range : 521,2475,200,10
521,2475,200,10

Range : 124,1120,210,100
124,1210,200,10
324,1120,10,100

Range : 2297,546,110,190
2297,726,100,10
2397,546,10,190

Range : 3916,1198,600,280
3916,1368,100,10
4016,1368,10,100
4016,1468,200,10
4216,1288,10,190
4216,1288,100,10
4316,1198,10,100
4316,1198,200,10

Range : 2547,2131,110,370
2547,2491,100,10
2647,2131,10,370

Range : 4316,4701,110,190
4316,4881,100,10
4416,4701,10,190

Range : 1036,1082,100,10
1036,1082,100,10

Range : 3615,3519,310,300
3615,3519,200,10
3815,3519,10,200
3815,3719,100,10
3915,3719,10,100

Range : 2499,2575,300,210
2499,2665,100,10
2599,2575,10,100
2599,2575,100,10
2699,2575,10,200
2699,2775,100,10

Range : 3918,5402,310,200
3918,5402,300,10
4218,5402,10,200

Range : 3482,1626,110,200
3482,1626,100,10
3582,1626,10,200

Range : 1864,5416,410,500
1864,5506,100,10
1964,5416,10,100
1964,5416,100,10
2064,5416,10,300
2064,5716,200,10
2264,5716,10,200

Range : 2360,5515,200,510
2360,5515,100,10
2460,5515,10,500
2460,6015,100,10

Range : 2640,5718,100,10
2640,5718,100,10

Range : 1498,536,200,110
1498,536,100,10
1598,536,10,100
1598,636,100,10

Range : 3571,1541,110,200
3571,1541,100,10
3671,1541,10,200

Range : 286,330,110,100
286,420,100,10
386,330,10,100

Range : 1882,3028,210,300
1882,3118,100,10
1982,3028,10,100
1982,3028,100,10
2082,3028,10,300

Range : 3247,3566,110,100
3247,3656,100,10
3347,3566,10,100

Range : 3182,2720,100,10
3182,2720,100,10

Range : 4244,4130,110,100
4244,4130,100,10
4344,4130,10,100

Range : 3829,1559,200,110
3829,1559,100,10
3929,1559,10,100
3929,1659,100,10

Range : 4821,4004,100,10
4821,4004,100,10

Range : 3500,3617,310,100
3500,3617,300,10
3800,3617,10,100

Range : 3022,5149,110,100
3022,5239,100,10
3122,5149,10,100

Range : 4205,4593,310,190
4205,4773,100,10
4305,4683,10,100
4305,4683,200,10
4505,4593,10,100

Range : 2096,3075,500,110
2096,3075,100,10
2196,3075,10,100
2196,3175,300,10
2496,3085,10,100
2496,3085,100,10

Range : 5117,1632,100,10
5117,1632,100,10

Range : 1522,2927,310,310
1522,2927,100,10
1622,2927,10,300
1622,3227,200,10
1822,3047,10,190

Range : 291,5392,310,200
291,5392,300,10
591,5392,10,200

Range : 1551,2261,400,100
1551,2351,300,10
1851,2261,10,100
1851,2261,100,10

Range : 4924,1741,200,110
4924,1741,100,10
5024,1741,10,100
5024,1841,100,10

Range : 2644,5707,100,10
2644,5707,100,10

Range : 2689,2521,410,210
2689,2521,100,10
2789,2521,10,200
2789,2721,300,10
3089,2541,10,190

Range : 1823,4813,200,110
1823,4813,100,10
1923,4813,10,100
1923,4913,100,10

Range : 1654,4796,200,10
1654,4796,200,10

Range : 945,1155,200,10
945,1155,200,10

Range : 2077,565,210,300
2077,565,100,10
2177,565,10,200
2177,765,100,10
2277,765,10,100

Range : 3759,307,200,110
3759,307,100,10
3859,307,10,100
3859,407,100,10

Range : 821,3370,110,100
821,3370,100,10
921,3370,10,100

Range : 2991,3045,400,110
2991,3045,100,10
3091,3045,10,100
3091,3145,200,10
3291,3055,10,100
3291,3055,100,10

Range : 1473,4810,100,10
1473,4810,100,10

Range : 1432,1099,100,10
1432,1099,100,10

Range : 3476,3563,100,10
3476,3563,100,10

Range : 4847,3577,100,10
4847,3577,100,10

Range : 306,3384,210,100
306,3384,200,10
506,3384,10,100

Range : 5134,4818,410,600
5134,4818,300,10
5434,4818,10,300
5434,5118,100,10
5534,5118,10,300

Range : 350,5352,100,10
350,5352,100,10

Range : 3239,3531,100,10
3239,3531,100,10

Range : 1074,4513,110,100
1074,4603,100,10
1174,4513,10,100

Range : 2321,5505,200,10
2321,5505,200,10

Range : 1529,717,100,10
1529,717,100,10

Range : 268,1283,110,100
268,1283,100,10
368,1283,10,100

Range : 1123,5589,310,210
1123,5589,200,10
1323,5589,10,200
1323,5789,100,10
1423,5609,10,190

Range : 613,5362,100,10
613,5362,100,10

Range : 2953,2846,210,200
2953,3026,100,10
3053,2846,10,190
3053,2846,100,10
3153,2846,10,200

Range : 2134,1978,100,10
2134,1978,100,10

Range : 2822,2938,200,190
2822,3118,100,10
2922,2938,10,190
2922,2938,100,10

Range : 4343,4077,200,110
4343,4077,100,10
4443,4077,10,100
4443,4177,100,10

Range : 4410,3204,200,10
4410,3204,200,10

Range : 2160,2431,110,300
2160,2431,100,10
2260,2431,10,300

Range : 829,2234,100,10
829,2234,100,10

Range : 219,4589,110,100
219,4589,100,10
319,4589,10,100

Range : 4523,793,300,110
4523,793,100,10
4623,793,10,100
4623,893,200,10

Range : 3064,2425,210,100
3064,2425,200,10
3264,2425,10,100

Range : 2906,299,310,300
2906,389,100,10
3006,299,10,100
3006,299,100,10
3106,299,10,100
3106,399,100,10
3206,399,10,200

Range : 3116,4575,210,100
3116,4575,200,10
3316,4575,10,100

Range : 2660,4157,200,110
2660,4157,100,10
2760,4157,10,100
2760,4257,100,10

Range : 3244,1628,200,10
3244,1628,200,10

Range : 4357,5197,110,100
4357,5197,100,10
4457,5197,10,100

Range : 378,2794,310,100
378,2884,300,10
678,2794,10,100

Range : 3093,3871,110,100
3093,3961,100,10
3193,3871,10,100

Range : 3101,5112,100,10
3101,5112,100,10

Range : 3093,1662,100,10
3093,1662,100,10

Range : 5139,4731,200,10
5139,4731,200,10

Range : 1387,2839,300,10
1387,2839,300,10

Range : 22,745,300,210
22,745,100,10
122,745,10,100
122,845,100,10
222,845,10,100
222,945,100,10

Range : 4164,4893,210,190
4164,5073,100,10
4264,4983,10,100
4264,4983,100,10
4364,4893,10,100

Range : 3735,1031,100,10
3735,1031,100,10

Range : 2763,4899,310,280
2763,5169,100,10
2863,4989,10,190
2863,4989,200,10
3063,4899,10,100

Range : 1345,5387,200,100
1345,5477,100,10
1445,5387,10,100
1445,5387,100,10

Range : 291,5618,310,100
291,5708,300,10
591,5618,10,100

Range : 3530,4589,110,100
3530,4589,100,10
3630,4589,10,100

Range : 3526,851,200,110
3526,851,100,10
3626,851,10,100
3626,951,100,10

Range : 3842,5715,510,190
3842,5795,100,10
3942,5795,10,100
3942,5895,100,10
4042,5715,10,190
4042,5715,200,10
4242,5715,10,100
4242,5815,100,10
4342,5725,10,100

Range : 988,1393,310,200
988,1393,200,10
1188,1393,10,100
1188,1493,100,10
1288,1493,10,100

Range : 230,1839,210,100
230,1929,200,10
430,1839,10,100

Range : 4065,2237,100,10
4065,2237,100,10

Range : 4865,3386,300,210
4865,3386,200,10
5065,3386,10,200
5065,3586,100,10

Range : 4084,5366,200,10
4084,5366,200,10

Range : 1241,4555,110,100
1241,4555,100,10
1341,4555,10,100

Range : 2148,4960,110,190
2148,5140,100,10
2248,4960,10,190

Range : 3540,5657,110,100
3540,5747,100,10
3640,5657,10,100

Range : 2737,2450,110,200
2737,2450,100,10
2837,2450,10,200

Range : 117,3394,100,10
117,3394,100,10

Range : 946,4640,210,210
946,4640,100,10
1046,4640,10,200
1046,4840,100,10
1146,4660,10,190

Range : 2756,4078,210,100
2756,4078,200,10
2956,4078,10,100

Range : 12,4106,310,370
12,4466,200,10
212,4376,10,100
212,4376,100,10
312,4106,10,280

Range : 2957,743,300,110
2957,743,100,10
3057,743,10,100
3057,843,200,10

Range : 2307,2715,200,110
2307,2715,100,10
2407,2715,10,100
2407,2815,100,10

Range : 3327,4773,100,10
3327,4773,100,10

Range : 3644,836,610,200
3644,836,600,10
4244,836,10,200

Range : 1359,3650,500,100
1359,3740,200,10
1559,3650,10,100
1559,3650,300,10

Range : 5115,1388,110,100
5115,1388,100,10
5215,1388,10,100

Range : 3288,1610,100,10
3288,1610,100,10

Range : 1036,270,110,460
1036,720,100,10
1136,270,10,460

Range : 869,1220,110,100
869,1220,100,10
969,1220,10,100

Range : 3410,4540,100,10
3410,4540,100,10

Range : 1433,1372,110,100
1433,1462,100,10
1533,1372,10,100

Range : 95,4479,200,210
95,4479,100,10
195,4479,10,200
195,4679,100,10

Range : 4127,4322,110,100
4127,4322,100,10
4227,4322,10,100

Range : 3888,3399,100,10
3888,3399,100,10

Range : 1507,2616,110,200
1507,2616,100,10
1607,2616,10,200

Range : 668,2675,100,10
668,2675,100,10

Range : 3746,1937,210,280
3746,2207,200,10
3946,1937,10,280

Range : 1192,3007,410,400
1192,3097,100,10
1292,3007,10,100
1292,3007,100,10
1392,3007,10,100
1392,3107,100,10
1492,3107,10,200
1492,3307,100,10
1592,3307,10,100

Range : 3150,1074,100,10
3150,1074,100,10

Range : 3478,5519,110,100
3478,5519,100,10
3578,5519,10,100

Range : 11,1201,100,10
11,1201,100,10

Range : 3568,203,300,190
3568,383,100,10
3668,293,10,100
3668,293,100,10
3768,203,10,100
3768,203,100,10

Range : 2514,1472,500,190
2514,1652,300,10
2814,1562,10,100
2814,1562,100,10
2914,1472,10,100
2914,1472,100,10

Range : 2874,4464,200,110
2874,4464,100,10
2974,4464,10,100
2974,4564,100,10

Range : 1756,4119,310,210
1756,4209,100,10
1856,4119,10,100
1856,4119,100,10
1956,4119,10,200
1956,4319,100,10
2056,4229,10,100

Range : 2937,5286,100,10
2937,5286,100,10

Range : 542,5252,200,10
542,5252,200,10

Range : 2702,2962,200,210
2702,2962,100,10
2802,2962,10,200
2802,3162,100,10

Range : 4083,4091,310,100
4083,4181,100,10
4183,4091,10,100
4183,4091,200,10
4383,4091,10,100

Range : 33,3598,110,100
33,3688,100,10
133,3598,10,100

Range : 4444,487,210,400
4444,487,100,10
4544,487,10,100
4544,587,100,10
4644,587,10,300

Range : 944,1100,100,10
944,1100,100,10

Range : 274,2856,200,10
274,2856,200,10

Range : 3540,4745,510,210
3540,4745,100,10
3640,4745,10,200
3640,4945,100,10
3740,4855,10,100
3740,4855,300,10
4040,4765,10,100

Range : 4150,2731,100,10
4150,2731,100,10

Range : 3992,4061,110,100
3992,4061,100,10
4092,4061,10,100

Range : 1071,3253,500,280
1071,3423,100,10
1171,3423,10,100
1171,3523,100,10
1271,3343,10,190
1271,3343,100,10
1371,3253,10,100
1371,3253,100,10
1471,3253,10,100
1471,3353,100,10

Range : 4349,4724,200,370
4349,5084,100,10
4449,4724,10,370
4449,4724,100,10

Range : 4461,4022,210,110
4461,4022,100,10
4561,4022,10,100
4561,4122,100,10
4661,4032,10,100

Range : 456,1379,200,10
456,1379,200,10

Range : 3812,5461,110,190
3812,5641,100,10
3912,5461,10,190

Range : 2190,1099,200,10
2190,1099,200,10

Range : 1281,2900,210,100
1281,2990,200,10
1481,2900,10,100

Range : 2494,1454,200,10
2494,1454,200,10

Range : 1132,5522,100,10
1132,5522,100,10

Range : 5126,3793,310,500
5126,3793,200,10
5326,3793,10,300
5326,4093,100,10
5426,4093,10,200

Range : 5061,446,400,280
5061,716,200,10
5261,626,10,100
5261,626,100,10
5361,446,10,190
5361,446,100,10

Range : 2648,4382,210,200
2648,4382,200,10
2848,4382,10,200

Range : 2613,4867,100,10
2613,4867,100,10

Range : 1987,3347,210,190
1987,3527,200,10
2187,3347,10,190

Range : 2167,1173,200,10
2167,1173,200,10

Range : 5179,4384,110,200
5179,4384,100,10
5279,4384,10,200

Range : 527,3377,200,10
527,3377,200,10

Range : 5162,2813,410,280
5162,3083,100,10
5262,2993,10,100
5262,2993,100,10
5362,2813,10,190
5362,2813,200,10
5562,2813,10,200

Range : 728,768,100,10
728,768,100,10

Range : 3496,1888,200,100
3496,1978,100,10
3596,1888,10,100
3596,1888,100,10

Range : 45,5699,200,100
45,5789,100,10
145,5699,10,100
145,5699,100,10

Range : 3681,2884,210,110
3681,2884,100,10
3781,2884,10,100
3781,2984,100,10
3881,2894,10,100

Range : 703,2541,200,190
703,2721,100,10
803,2541,10,190
803,2541,100,10

Range : 277,2892,100,10
277,2892,100,10

Range : 4453,2631,200,10
4453,2631,200,10

Range : 2575,4882,410,100
2575,4882,400,10
2975,4882,10,100

Range : 1697,5600,110,100
1697,5690,100,10
1797,5600,10,100

Range : 5069,2387,400,410
5069,2387,100,10
5169,2387,10,200
5169,2587,200,10
5369,2587,10,200
5369,2787,100,10

Range : 662,2091,100,10
662,2091,100,10

Range : 2694,4282,200,10
2694,4282,200,10

Range : 899,1086,100,10
899,1086,100,10

Range : 3446,705,310,100
3446,795,100,10
3546,705,10,100
3546,705,200,10
3746,705,10,100

Range : 441,1279,100,10
441,1279,100,10

Range : 1682,3615,100,10
1682,3615,100,10

Range : 1351,1188,100,10
1351,1188,100,10

Range : 4951,3131,210,190
4951,3311,100,10
5051,3221,10,100
5051,3221,100,10
5151,3131,10,100

Range : 1971,2965,100,10
1971,2965,100,10

