Range : 2295,3833,310,460
2295,4283,100,10
2395,4193,10,100
2395,4193,200,10
2595,3833,10,370

Range : 1757,4704,410,100
1757,4794,200,10
1957,4704,10,100
1957,4704,200,10
2157,4704,10,100

Range : 2333,3192,500,190
2333,3372,200,10
2533,3192,10,190
2533,3192,300,10

Range : 3052,2384,310,280
3052,2554,200,10
3252,2554,10,100
3252,2654,100,10
3352,2384,10,280

Range : 4783,5005,410,280
4783,5275,400,10
5183,5005,10,280

Range : 1507,4440,400,210
1507,4440,300,10
1807,4440,10,200
1807,4640,100,10

Range : 1537,492,500,280
1537,762,300,10
1837,672,10,100
1837,672,100,10
1937,492,10,190
1937,492,100,10

Range : 2753,530,400,510
2753,620,200,10
2953,530,10,100
2953,530,100,10
3053,530,10,500
3053,1030,100,10

Range : 4185,436,600,220
4185,436,100,10
4285,436,10,200
4285,636,100,10
4385,546,10,100
4385,546,100,10
4485,546,10,100
4485,646,300,10

Range : 4667,2297,510,370
4667,2557,100,10
4767,2557,10,100
4767,2657,200,10
4967,2567,10,100
4967,2567,100,10
5067,2477,10,100
5067,2477,100,10
5167,2297,10,190

Range : 1688,2839,210,210
1688,2839,100,10
1788,2839,10,200
1788,3039,100,10
1888,2859,10,190

Range : 1348,3964,310,300
1348,4134,100,10
1448,4134,10,100
1448,4234,100,10
1548,3964,10,280
1548,3964,100,10
1648,3964,10,300

Range : 5205,1357,410,220
5205,1357,100,10
5305,1357,10,200
5305,1557,200,10
5505,1377,10,190
5505,1377,100,10
5605,1377,10,200

Range : 73,1005,300,210
73,1005,100,10
173,1005,10,200
173,1205,100,10
273,1025,10,190
273,1025,100,10

Range : 2993,3559,110,500
2993,3559,100,10
3093,3559,10,500

Range : 4543,2039,210,210
4543,2039,100,10
4643,2039,10,200
4643,2239,100,10
4743,2059,10,190

Range : 742,249,310,190
742,429,200,10
942,249,10,190
942,249,100,10
1042,249,10,100

Range : 234,3373,310,400
234,3373,200,10
434,3373,10,100
434,3473,100,10
534,3473,10,300

Range : 4509,3063,210,610
4509,3063,100,10
4609,3063,10,600
4609,3663,100,10
4709,3573,10,100

Range : 388,1100,310,280
388,1260,100,10
488,1170,10,100
488,1170,100,10
588,1170,10,200
588,1370,100,10
688,1100,10,280

Range : 5204,2649,410,190
5204,2829,300,10
5504,2739,10,100
5504,2739,100,10
5604,2649,10,100

Range : 757,5021,500,100
757,5111,400,10
1157,5021,10,100
1157,5021,100,10

Range : 1969,917,310,550
1969,1457,200,10
2169,1187,10,280
2169,1187,100,10
2269,917,10,280

Range : 4047,1621,410,270
4047,1881,200,10
4247,1701,10,190
4247,1701,100,10
4347,1701,10,100
4347,1801,100,10
4447,1621,10,190

Range : 4190,324,500,100
4190,414,300,10
4490,324,10,100
4490,324,200,10

Range : 1402,1997,310,210
1402,1997,100,10
1502,1997,10,200
1502,2197,200,10
1702,2017,10,190

Range : 4829,2040,300,310
4829,2220,100,10
4929,2040,10,190
4929,2040,100,10
5029,2040,10,300
5029,2340,100,10

Range : 4939,825,500,370
4939,1185,200,10
5139,1005,10,190
5139,1005,200,10
5339,825,10,190
5339,825,100,10

Range : 5002,4615,410,280
5002,4875,100,10
5102,4785,10,100
5102,4785,100,10
5202,4785,10,100
5202,4885,200,10
5402,4615,10,280

Range : 4915,3361,410,100
4915,3451,300,10
5215,3361,10,100
5215,3361,100,10
5315,3361,10,100

Range : 267,4290,410,600
267,4290,100,10
367,4290,10,300
367,4590,100,10
467,4590,10,200
467,4790,200,10
667,4790,10,100

Range : 3804,1492,410,190
3804,1672,100,10
3904,1582,10,100
3904,1582,200,10
4104,1492,10,100
4104,1492,100,10
4204,1492,10,100

Range : 2884,1480,310,370
2884,1840,200,10
3084,1570,10,280
3084,1570,100,10
3184,1480,10,100

Range : 74,1620,300,370
74,1980,200,10
274,1620,10,370
274,1620,100,10

Range : 3426,4448,210,370
3426,4808,200,10
3626,4448,10,370

Range : 1901,3875,210,600
1901,4055,100,10
2001,3875,10,190
2001,3875,100,10
2101,3875,10,600

Range : 3408,5402,510,280
3408,5672,200,10
3608,5582,10,100
3608,5582,200,10
3808,5492,10,100
3808,5492,100,10
3908,5402,10,100

Range : 2521,2295,510,500
2521,2295,200,10
2721,2295,10,100
2721,2395,200,10
2921,2395,10,300
2921,2695,100,10
3021,2695,10,100

Range : 1100,1896,310,370
1100,2256,200,10
1300,1896,10,370
1300,1896,100,10
1400,1896,10,100

Range : 3492,2739,300,280
3492,3009,100,10
3592,2829,10,190
3592,2829,100,10
3692,2739,10,100
3692,2739,100,10

Range : 4218,1122,210,400
4218,1302,100,10
4318,1122,10,190
4318,1122,100,10
4418,1122,10,400

Range : 4667,2670,100,10
4667,2670,100,10

Range : 3698,3134,510,200
3698,3224,300,10
3998,3134,10,100
3998,3134,100,10
4098,3134,10,100
4098,3234,100,10
4198,3234,10,100

Range : 2896,4797,210,280
2896,4867,100,10
2996,4867,10,200
2996,5067,100,10
3096,4797,10,280

Range : 3768,5208,310,410
3768,5208,100,10
3868,5208,10,100
3868,5308,100,10
3968,5308,10,300
3968,5608,100,10
4068,5338,10,280

Range : 4191,5633,210,310
4191,5633,100,10
4291,5633,10,300
4291,5933,100,10
4391,5663,10,280

Range : 3549,5113,200,110
3549,5113,100,10
3649,5113,10,100
3649,5213,100,10

Range : 1143,5321,200,410
1143,5321,100,10
1243,5321,10,400
1243,5721,100,10

Range : 3774,4575,800,210
3774,4575,300,10
4074,4575,10,100
4074,4675,200,10
4274,4675,10,100
4274,4775,300,10

Range : 2776,3214,410,190
2776,3394,200,10
2976,3304,10,100
2976,3304,100,10
3076,3214,10,100
3076,3214,100,10
3176,3214,10,100

Range : 3271,1968,410,110
3271,1968,200,10
3471,1968,10,100
3471,2068,200,10
3671,1978,10,100

Range : 1776,30,610,370
1776,390,300,10
2076,120,10,280
2076,120,300,10
2376,30,10,100

Range : 417,2536,500,280
417,2806,100,10
517,2716,10,100
517,2716,200,10
717,2536,10,190
717,2536,200,10

Range : 4315,3709,500,110
4315,3709,100,10
4415,3709,10,100
4415,3809,300,10
4715,3719,10,100
4715,3719,100,10

Range : 5116,4549,400,210
5116,4549,300,10
5416,4549,10,200
5416,4749,100,10

Range : 363,2145,110,600
363,2145,100,10
463,2145,10,600

Range : 751,4462,400,210
751,4462,300,10
1051,4462,10,200
1051,4662,100,10

Range : 4554,1366,500,190
4554,1546,100,10
4654,1366,10,190
4654,1366,200,10
4854,1366,10,100
4854,1466,200,10

Range : 516,59,400,370
516,419,100,10
616,239,10,190
616,239,100,10
716,149,10,100
716,149,100,10
816,59,10,100
816,59,100,10

Range : 4999,4490,310,210
4999,4490,100,10
5099,4490,10,100
5099,4590,100,10
5199,4590,10,100
5199,4690,100,10
5299,4600,10,100

Range : 3712,3860,310,370
3712,4220,100,10
3812,4130,10,100
3812,4130,100,10
3912,3950,10,190
3912,3950,100,10
4012,3860,10,100

Range : 4006,4215,310,110
4006,4305,100,10
4106,4215,10,100
4106,4215,100,10
4206,4215,10,100
4206,4315,100,10
4306,4225,10,100

Range : 1782,3989,200,110
1782,3989,100,10
1882,3989,10,100
1882,4089,100,10

Range : 169,2388,210,300
169,2388,100,10
269,2388,10,100
269,2488,100,10
369,2488,10,200

Range : 3652,2308,500,190
3652,2488,100,10
3752,2308,10,190
3752,2308,200,10
3952,2308,10,100
3952,2408,200,10

Range : 3687,1204,410,200
3687,1294,300,10
3987,1204,10,100
3987,1204,100,10
4087,1204,10,200

Range : 1560,3526,310,370
1560,3886,100,10
1660,3706,10,190
1660,3706,100,10
1760,3616,10,100
1760,3616,100,10
1860,3526,10,100

Range : 1725,1178,110,500
1725,1178,100,10
1825,1178,10,500

Range : 852,2053,410,110
852,2053,200,10
1052,2053,10,100
1052,2153,100,10
1152,2063,10,100
1152,2063,100,10
1252,2063,10,100

Range : 1327,3342,600,190
1327,3422,200,10
1527,3422,10,100
1527,3522,300,10
1827,3342,10,190
1827,3342,100,10

Range : 1812,1020,210,400
1812,1020,100,10
1912,1020,10,300
1912,1320,100,10
2012,1320,10,100

Range : 67,4836,700,310
67,4836,100,10
167,4836,10,200
167,5036,300,10
467,5036,10,100
467,5136,300,10

Range : 3856,821,500,210
3856,821,100,10
3956,821,10,100
3956,921,300,10
4256,921,10,100
4256,1021,100,10

Range : 1541,4805,600,310
1541,4805,100,10
1641,4805,10,100
1641,4905,100,10
1741,4905,10,100
1741,5005,200,10
1941,5005,10,100
1941,5105,200,10

Range : 237,3920,210,600
237,4100,100,10
337,3920,10,190
337,3920,100,10
437,3920,10,600

Range : 3412,2120,400,280
3412,2390,100,10
3512,2300,10,100
3512,2300,100,10
3612,2210,10,100
3612,2210,100,10
3712,2120,10,100
3712,2120,100,10

Range : 1264,515,300,410
1264,515,100,10
1364,515,10,400
1364,915,200,10

Range : 2687,4010,400,110
2687,4100,100,10
2787,4010,10,100
2787,4010,200,10
2987,4010,10,100
2987,4110,100,10

Range : 5103,3550,510,100
5103,3640,400,10
5503,3550,10,100
5503,3550,100,10
5603,3550,10,100

Range : 4421,3885,110,100
4421,3975,100,10
4521,3885,10,100

Range : 4822,1631,700,190
4822,1711,400,10
5222,1711,10,100
5222,1811,200,10
5422,1631,10,190
5422,1631,100,10

Range : 811,2341,510,200
811,2521,100,10
911,2431,10,100
911,2431,200,10
1111,2341,10,100
1111,2341,200,10
1311,2341,10,200

Range : 551,1414,310,190
551,1494,100,10
651,1494,10,100
651,1594,100,10
751,1504,10,100
751,1504,100,10
851,1414,10,100

Range : 4787,5418,410,280
4787,5588,200,10
4987,5588,10,100
4987,5688,100,10
5087,5418,10,280
5087,5418,100,10
5187,5418,10,100

Range : 340,2040,310,300
340,2130,200,10
540,2040,10,100
540,2040,100,10
640,2040,10,300

Range : 5199,1879,510,210
5199,1879,300,10
5499,1879,10,200
5499,2079,200,10
5699,1989,10,100

Range : 2881,3999,310,460
2881,4449,200,10
3081,4359,10,100
3081,4359,100,10
3181,3999,10,370

Range : 793,4779,500,280
793,4849,100,10
893,4849,10,200
893,5049,200,10
1093,4959,10,100
1093,4959,100,10
1193,4779,10,190
1193,4779,100,10

Range : 3896,2060,400,110
3896,2060,200,10
4096,2060,10,100
4096,2160,100,10
4196,2070,10,100
4196,2070,100,10

Range : 5023,3773,300,280
5023,3943,100,10
5123,3943,10,100
5123,4043,100,10
5223,3773,10,280
5223,3773,100,10

Range : 3856,1118,110,100
3856,1118,100,10
3956,1118,10,100

Range : 416,3817,310,600
416,3817,100,10
516,3817,10,200
516,4017,100,10
616,4017,10,300
616,4317,100,10
716,4317,10,100

Range : 2855,3373,500,210
2855,3463,300,10
3155,3373,10,100
3155,3373,100,10
3255,3373,10,200
3255,3573,100,10

Range : 1073,1415,510,280
1073,1485,100,10
1173,1485,10,100
1173,1585,100,10
1273,1585,10,100
1273,1685,200,10
1473,1595,10,100
1473,1595,100,10
1573,1415,10,190

Range : 4714,860,410,190
4714,1040,200,10
4914,950,10,100
4914,950,200,10
5114,860,10,100

Range : 1963,4461,110,100
1963,4551,100,10
2063,4461,10,100

Range : 1707,5394,300,610
1707,5394,100,10
1807,5394,10,100
1807,5494,100,10
1907,5494,10,500
1907,5994,100,10

Range : 2710,5511,210,510
2710,5511,100,10
2810,5511,10,500
2810,6011,100,10
2910,5831,10,190

Range : 3860,3422,300,280
3860,3692,100,10
3960,3422,10,280
3960,3422,200,10

Range : 3043,1997,410,300
3043,2087,200,10
3243,1997,10,100
3243,1997,100,10
3343,1997,10,200
3343,2197,100,10
3443,2197,10,100

Range : 4526,2206,110,280
4526,2476,100,10
4626,2206,10,280

Range : 3634,1627,500,310
3634,1627,100,10
3734,1627,10,200
3734,1827,200,10
3934,1827,10,100
3934,1927,200,10

Range : 4424,4017,300,370
4424,4377,100,10
4524,4017,10,370
4524,4017,200,10

Range : 3423,600,500,410
3423,600,100,10
3523,600,10,100
3523,700,100,10
3623,700,10,300
3623,1000,100,10
3723,910,10,100
3723,910,200,10

Range : 2347,2618,110,500
2347,2618,100,10
2447,2618,10,500

Range : 959,5727,500,120
959,5727,100,10
1059,5727,10,100
1059,5827,100,10
1159,5737,10,100
1159,5737,100,10
1259,5737,10,100
1259,5837,200,10

Range : 2893,3052,310,110
2893,3142,100,10
2993,3052,10,100
2993,3052,100,10
3093,3052,10,100
3093,3152,100,10
3193,3062,10,100

Range : 4249,2316,300,370
4249,2676,100,10
4349,2316,10,370
4349,2316,100,10
4449,2316,10,100
4449,2416,100,10

Range : 2362,3412,100,10
2362,3412,100,10

Range : 825,3566,300,370
825,3626,100,10
925,3626,10,300
925,3926,100,10
1025,3566,10,370
1025,3566,100,10

Range : 21,4040,300,10
21,4040,300,10

Range : 104,2188,210,300
104,2188,200,10
304,2188,10,300

Range : 3804,1296,610,280
3804,1466,100,10
3904,1466,10,100
3904,1566,100,10
4004,1476,10,100
4004,1476,300,10
4304,1386,10,100
4304,1386,100,10
4404,1296,10,100

Range : 2584,4571,500,210
2584,4661,100,10
2684,4571,10,100
2684,4571,200,10
2884,4571,10,200
2884,4771,100,10
2984,4681,10,100
2984,4681,100,10

Range : 2757,2964,200,110
2757,2964,100,10
2857,2964,10,100
2857,3064,100,10

Range : 1173,2708,510,370
1173,3068,100,10
1273,2978,10,100
1273,2978,300,10
1573,2888,10,100
1573,2888,100,10
1673,2708,10,190

Range : 2643,340,210,200
2643,430,100,10
2743,340,10,100
2743,340,100,10
2843,340,10,200

Range : 3660,2575,100,10
3660,2575,100,10

Range : 3392,2750,200,210
3392,2750,100,10
3492,2750,10,200
3492,2950,100,10

Range : 66,2633,300,190
66,2813,200,10
266,2633,10,190
266,2633,100,10

Range : 2618,4975,310,500
2618,4975,200,10
2818,4975,10,300
2818,5275,100,10
2918,5275,10,200

Range : 4392,4867,210,800
4392,4867,100,10
4492,4867,10,700
4492,5567,100,10
4592,5567,10,100

Range : 1830,2283,400,460
1830,2633,100,10
1930,2633,10,100
1930,2733,100,10
2030,2373,10,370
2030,2373,100,10
2130,2283,10,100
2130,2283,100,10

Range : 1601,2659,300,110
1601,2659,100,10
1701,2659,10,100
1701,2759,100,10
1801,2669,10,100
1801,2669,100,10

Range : 5103,5325,500,210
5103,5325,400,10
5503,5325,10,200
5503,5525,100,10

Range : 4505,1767,210,400
4505,1767,100,10
4605,1767,10,100
4605,1867,100,10
4705,1867,10,300

Range : 1451,2437,510,200
1451,2437,400,10
1851,2437,10,100
1851,2537,100,10
1951,2537,10,100

Range : 4266,5016,210,400
4266,5016,100,10
4366,5016,10,100
4366,5116,100,10
4466,5116,10,300

Range : 3761,273,410,310
3761,273,100,10
3861,273,10,300
3861,573,300,10
4161,483,10,100

Range : 3098,1207,410,110
3098,1207,200,10
3298,1207,10,100
3298,1307,200,10
3498,1217,10,100

Range : 904,790,410,280
904,1060,200,10
1104,880,10,190
1104,880,200,10
1304,790,10,100

Range : 2351,2174,210,280
2351,2444,100,10
2451,2174,10,280
2451,2174,100,10
2551,2174,10,100

Range : 2125,391,300,460
2125,741,100,10
2225,741,10,100
2225,841,100,10
2325,391,10,460
2325,391,100,10

Range : 2821,4110,510,370
2821,4470,400,10
3221,4290,10,190
3221,4290,100,10
3321,4110,10,190

Range : 889,5375,300,210
889,5375,100,10
989,5375,10,200
989,5575,200,10

Range : 2776,3507,300,190
2776,3587,100,10
2876,3587,10,100
2876,3687,100,10
2976,3507,10,190
2976,3507,100,10

Range : 1203,2697,210,200
1203,2697,100,10
1303,2697,10,100
1303,2797,100,10
1403,2797,10,100

Range : 4028,4923,210,500
4028,4923,100,10
4128,4923,10,100
4128,5023,100,10
4228,5023,10,400

Range : 4991,4974,110,300
4991,4974,100,10
5091,4974,10,300

Range : 1513,1687,500,310
1513,1867,100,10
1613,1687,10,190
1613,1687,100,10
1713,1687,10,100
1713,1787,100,10
1813,1787,10,100
1813,1887,100,10
1913,1887,10,100
1913,1987,100,10

Range : 4614,1205,110,100
4614,1205,100,10
4714,1205,10,100

Range : 4434,3852,100,10
4434,3852,100,10

Range : 368,891,310,400
368,891,200,10
568,891,10,100
568,991,100,10
668,991,10,300

Range : 4667,1636,210,210
4667,1636,100,10
4767,1636,10,200
4767,1836,100,10
4867,1746,10,100

Range : 2555,962,400,210
2555,962,300,10
2855,962,10,200
2855,1162,100,10

Range : 2143,2773,300,110
2143,2773,200,10
2343,2773,10,100
2343,2873,100,10

Range : 2339,3402,100,10
2339,3402,100,10

Range : 3126,5674,500,210
3126,5674,200,10
3326,5674,10,100
3326,5774,200,10
3526,5774,10,100
3526,5874,100,10

Range : 2413,4468,310,100
2413,4558,100,10
2513,4468,10,100
2513,4468,200,10
2713,4468,10,100

Range : 3322,3304,400,370
3322,3664,100,10
3422,3394,10,280
3422,3394,200,10
3622,3304,10,100
3622,3304,100,10

Range : 1021,1672,210,100
1021,1762,200,10
1221,1672,10,100

Range : 113,1267,110,400
113,1267,100,10
213,1267,10,400

Range : 3482,4776,610,280
3482,5046,100,10
3582,4956,10,100
3582,4956,400,10
3982,4866,10,100
3982,4866,100,10
4082,4776,10,100

Range : 3252,772,310,280
3252,1042,100,10
3352,772,10,280
3352,772,200,10
3552,772,10,100

Range : 557,3030,310,550
557,3570,100,10
657,3210,10,370
657,3210,100,10
757,3120,10,100
757,3120,100,10
857,3030,10,100

Range : 1309,3481,110,100
1309,3571,100,10
1409,3481,10,100

Range : 2501,5143,310,300
2501,5233,100,10
2601,5143,10,100
2601,5143,100,10
2701,5143,10,200
2701,5343,100,10
2801,5343,10,100

Range : 5204,3497,210,100
5204,3497,200,10
5404,3497,10,100

Range : 2333,1995,310,300
2333,2085,100,10
2433,1995,10,100
2433,1995,100,10
2533,1995,10,100
2533,2095,100,10
2633,2095,10,200

Range : 2110,5351,310,190
2110,5531,100,10
2210,5351,10,190
2210,5351,200,10
2410,5351,10,100

Range : 3198,5212,300,460
3198,5662,100,10
3298,5212,10,460
3298,5212,200,10

Range : 841,1133,500,110
841,1223,100,10
941,1133,10,100
941,1133,100,10
1041,1133,10,100
1041,1233,100,10
1141,1143,10,100
1141,1143,200,10

Range : 789,4009,600,210
789,4009,200,10
989,4009,10,100
989,4109,200,10
1189,4109,10,100
1189,4209,200,10

Range : 645,1397,110,100
645,1397,100,10
745,1397,10,100

Range : 2002,3659,400,210
2002,3659,100,10
2102,3659,10,100
2102,3759,200,10
2302,3759,10,100
2302,3859,100,10

Range : 3369,1924,100,10
3369,1924,100,10

Range : 4039,2792,410,100
4039,2882,300,10
4339,2792,10,100
4339,2792,100,10
4439,2792,10,100

Range : 2257,4751,210,300
2257,4841,100,10
2357,4751,10,100
2357,4751,100,10
2457,4751,10,300

Range : 1971,3576,100,10
1971,3576,100,10

Range : 4335,3248,210,200
4335,3248,200,10
4535,3248,10,200

Range : 1837,2055,400,210
1837,2145,100,10
1937,2055,10,100
1937,2055,100,10
2037,2055,10,100
2037,2155,100,10
2137,2155,10,100
2137,2255,100,10

Range : 1005,5682,110,100
1005,5682,100,10
1105,5682,10,100

Range : 4794,5736,210,410
4794,5736,100,10
4894,5736,10,400
4894,6136,100,10
4994,5956,10,190

Range : 1118,5050,110,190
1118,5230,100,10
1218,5050,10,190

Range : 4829,768,200,110
4829,768,100,10
4929,768,10,100
4929,868,100,10

Range : 4599,959,200,10
4599,959,200,10

Range : 2556,3362,300,190
2556,3542,200,10
2756,3362,10,190
2756,3362,100,10

Range : 4359,2743,500,280
4359,3013,300,10
4659,2923,10,100
4659,2923,100,10
4759,2743,10,190
4759,2743,100,10

Range : 1599,480,210,200
1599,480,200,10
1799,480,10,200

Range : 2047,2867,210,280
2047,3137,100,10
2147,2957,10,190
2147,2957,100,10
2247,2867,10,100

Range : 3054,2630,700,190
3054,2810,300,10
3354,2720,10,100
3354,2720,100,10
3454,2630,10,100
3454,2630,300,10

Range : 5073,2865,310,370
5073,3125,100,10
5173,3125,10,100
5173,3225,200,10
5373,2865,10,370

Range : 4656,5727,100,10
4656,5727,100,10

Range : 781,4211,400,190
781,4391,100,10
881,4301,10,100
881,4301,100,10
981,4211,10,100
981,4211,200,10

Range : 1311,5859,100,10
1311,5859,100,10

Range : 4239,2179,400,10
4239,2179,400,10

Range : 673,2144,610,370
673,2504,200,10
873,2234,10,280
873,2234,400,10
1273,2144,10,100

Range : 3548,1382,310,210
3548,1382,100,10
3648,1382,10,200
3648,1582,100,10
3748,1492,10,100
3748,1492,100,10
3848,1492,10,100

Range : 1949,530,310,280
1949,800,100,10
2049,620,10,190
2049,620,100,10
2149,530,10,100
2149,530,100,10
2249,530,10,100

Range : 112,3086,210,200
112,3086,200,10
312,3086,10,200

Range : 2771,2620,110,280
2771,2890,100,10
2871,2620,10,280

Range : 5202,5029,510,210
5202,5029,300,10
5502,5029,10,200
5502,5229,100,10
5602,5139,10,100
5602,5139,100,10
5702,5139,10,100

Range : 2704,1911,210,100
2704,2001,200,10
2904,1911,10,100

Range : 5137,450,310,280
5137,720,200,10
5337,540,10,190
5337,540,100,10
5437,450,10,100

Range : 5176,4924,100,10
5176,4924,100,10

Range : 1018,3065,400,190
1018,3245,300,10
1318,3065,10,190
1318,3065,100,10

Range : 2762,4872,100,10
2762,4872,100,10

Range : 4906,3979,600,280
4906,4249,100,10
5006,4069,10,190
5006,4069,300,10
5306,3979,10,100
5306,3979,200,10

Range : 2688,1366,210,460
2688,1816,100,10
2788,1636,10,190
2788,1636,100,10
2888,1366,10,280

Range : 4959,3336,200,110
4959,3336,100,10
5059,3336,10,100
5059,3436,100,10

Range : 2343,2457,500,100
2343,2547,400,10
2743,2457,10,100
2743,2457,100,10

Range : 1488,4748,210,100
1488,4748,200,10
1688,4748,10,100

Range : 1148,3738,300,310
1148,3738,100,10
1248,3738,10,200
1248,3938,100,10
1348,3938,10,100
1348,4038,100,10

Range : 2980,5138,110,100
2980,5228,100,10
3080,5138,10,100

Range : 3856,2895,210,200
3856,2895,100,10
3956,2895,10,100
3956,2995,100,10
4056,2995,10,100

Range : 2039,2826,100,10
2039,2826,100,10

Range : 4766,3074,210,200
4766,3074,100,10
4866,3074,10,100
4866,3174,100,10
4966,3174,10,100

Range : 2652,655,210,190
2652,835,200,10
2852,655,10,190

Range : 409,1936,110,100
409,1936,100,10
509,1936,10,100

Range : 2520,2995,300,190
2520,3075,100,10
2620,3075,10,100
2620,3175,100,10
2720,2995,10,190
2720,2995,100,10

Range : 2071,1312,410,280
2071,1582,200,10
2271,1492,10,100
2271,1492,100,10
2371,1402,10,100
2371,1402,100,10
2471,1312,10,100

Range : 399,5432,200,410
399,5432,100,10
499,5432,10,400
499,5832,100,10

Range : 2600,2585,110,280
2600,2855,100,10
2700,2585,10,280

Range : 2189,1299,310,370
2189,1659,200,10
2389,1479,10,190
2389,1479,100,10
2489,1299,10,190

Range : 2762,2952,100,10
2762,2952,100,10

Range : 934,1542,110,200
934,1542,100,10
1034,1542,10,200

Range : 3937,1966,210,100
3937,1966,200,10
4137,1966,10,100

Range : 197,873,200,110
197,873,100,10
297,873,10,100
297,973,100,10

Range : 1491,5175,300,310
1491,5175,100,10
1591,5175,10,300
1591,5475,200,10

Range : 1356,2329,110,100
1356,2329,100,10
1456,2329,10,100

Range : 1821,3233,600,220
1821,3233,200,10
2021,3233,10,100
2021,3333,200,10
2221,3243,10,100
2221,3243,100,10
2321,3243,10,200
2321,3443,100,10

Range : 448,2835,510,100
448,2925,300,10
748,2835,10,100
748,2835,200,10
948,2835,10,100

Range : 5151,5757,310,400
5151,5757,200,10
5351,5757,10,100
5351,5857,100,10
5451,5857,10,300

Range : 2862,4340,410,190
2862,4520,400,10
3262,4340,10,190

Range : 1535,5502,110,370
1535,5862,100,10
1635,5502,10,370

Range : 2114,4410,400,190
2114,4590,100,10
2214,4500,10,100
2214,4500,200,10
2414,4410,10,100
2414,4410,100,10

Range : 4912,3577,200,110
4912,3577,100,10
5012,3577,10,100
5012,3677,100,10

Range : 2247,5747,310,410
2247,5747,100,10
2347,5747,10,400
2347,6147,200,10
2547,6057,10,100

Range : 4268,5472,210,100
4268,5562,200,10
4468,5472,10,100

Range : 4500,3907,210,100
4500,3997,200,10
4700,3907,10,100

Range : 961,3403,310,300
961,3493,200,10
1161,3403,10,100
1161,3403,100,10
1261,3403,10,300

Range : 227,3074,210,200
227,3074,100,10
327,3074,10,100
327,3174,100,10
427,3174,10,100

Range : 4072,3245,110,100
4072,3335,100,10
4172,3245,10,100

Range : 4942,1858,110,400
4942,1858,100,10
5042,1858,10,400

Range : 3742,1137,200,110
3742,1137,100,10
3842,1137,10,100
3842,1237,100,10

Range : 2351,1226,110,100
2351,1226,100,10
2451,1226,10,100

Range : 1275,4474,510,190
1275,4654,300,10
1575,4564,10,100
1575,4564,200,10
1775,4474,10,100

Range : 5078,4204,500,210
5078,4384,200,10
5278,4204,10,190
5278,4204,100,10
5378,4204,10,100
5378,4304,100,10
5478,4304,10,100
5478,4404,100,10

Range : 2557,1592,210,100
2557,1592,200,10
2757,1592,10,100

Range : 659,5438,300,190
659,5618,100,10
759,5438,10,190
759,5438,100,10
859,5438,10,100
859,5538,100,10

Range : 4252,3111,200,100
4252,3201,100,10
4352,3111,10,100
4352,3111,100,10

Range : 2071,1677,200,100
2071,1767,100,10
2171,1677,10,100
2171,1677,100,10

Range : 3513,3657,400,190
3513,3837,100,10
3613,3747,10,100
3613,3747,200,10
3813,3657,10,100
3813,3657,100,10

Range : 2010,4649,100,10
2010,4649,100,10

Range : 2160,1722,110,100
2160,1812,100,10
2260,1722,10,100

Range : 4514,2613,200,100
4514,2703,100,10
4614,2613,10,100
4614,2613,100,10

Range : 42,5277,310,410
42,5367,100,10
142,5277,10,100
142,5277,100,10
242,5277,10,400
242,5677,100,10
342,5587,10,100

Range : 4102,1151,210,100
4102,1241,100,10
4202,1151,10,100
4202,1151,100,10
4302,1151,10,100

Range : 1663,3945,200,10
1663,3945,200,10

Range : 844,4662,200,100
844,4752,100,10
944,4662,10,100
944,4662,100,10

Range : 201,3830,110,100
201,3830,100,10
301,3830,10,100

Range : 2862,1877,210,280
2862,2147,100,10
2962,1967,10,190
2962,1967,100,10
3062,1877,10,100

Range : 3040,5295,110,300
3040,5295,100,10
3140,5295,10,300

Range : 3038,507,410,210
3038,507,100,10
3138,507,10,200
3138,707,300,10
3438,617,10,100

Range : 1327,4687,800,10
1327,4687,800,10

Range : 4034,637,410,190
4034,717,200,10
4234,717,10,100
4234,817,200,10
4434,637,10,190

Range : 1406,3594,210,210
1406,3594,100,10
1506,3594,10,200
1506,3794,100,10
1606,3704,10,100

Range : 1122,1363,400,310
1122,1363,100,10
1222,1363,10,200
1222,1563,100,10
1322,1563,10,100
1322,1663,100,10
1422,1573,10,100
1422,1573,100,10

Range : 4777,3323,200,110
4777,3323,100,10
4877,3323,10,100
4877,3423,100,10

Range : 2384,3465,100,10
2384,3465,100,10

Range : 3528,1156,300,10
3528,1156,300,10

Range : 3296,4023,310,400
3296,4023,200,10
3496,4023,10,100
3496,4123,100,10
3596,4123,10,300

Range : 4890,3888,110,200
4890,3888,100,10
4990,3888,10,200

Range : 2427,3802,110,300
2427,3802,100,10
2527,3802,10,300

Range : 2685,1010,110,190
2685,1190,100,10
2785,1010,10,190

Range : 3696,2323,210,190
3696,2503,100,10
3796,2413,10,100
3796,2413,100,10
3896,2323,10,100

Range : 1097,1215,110,100
1097,1305,100,10
1197,1215,10,100

Range : 2751,2744,210,190
2751,2924,200,10
2951,2744,10,190

Range : 3325,5803,110,100
3325,5893,100,10
3425,5803,10,100

Range : 4195,4820,200,10
4195,4820,200,10

Range : 917,1859,110,100
917,1859,100,10
1017,1859,10,100

Range : 3103,3407,110,190
3103,3587,100,10
3203,3407,10,190

Range : 526,1921,400,210
526,1921,100,10
626,1921,10,100
626,2021,100,10
726,2021,10,100
726,2121,200,10

Range : 2857,3177,300,10
2857,3177,300,10

Range : 5143,1284,210,200
5143,1284,200,10
5343,1284,10,200

Range : 3345,1594,500,100
3345,1684,100,10
3445,1594,10,100
3445,1594,400,10

Range : 1895,3564,100,10
1895,3564,100,10

Range : 993,2965,110,100
993,2965,100,10
1093,2965,10,100

Range : 3371,2569,200,10
3371,2569,200,10

Range : 4589,3048,200,10
4589,3048,200,10

Range : 100,2964,200,110
100,2964,100,10
200,2964,10,100
200,3064,100,10

Range : 1005,2874,110,300
1005,2874,100,10
1105,2874,10,300

Range : 5104,815,200,10
5104,815,200,10

Range : 377,1701,200,210
377,1701,100,10
477,1701,10,200
477,1901,100,10

Range : 2670,3778,300,210
2670,3778,100,10
2770,3778,10,100
2770,3878,100,10
2870,3878,10,100
2870,3978,100,10

Range : 4304,4488,200,210
4304,4488,100,10
4404,4488,10,200
4404,4688,100,10

Range : 4038,2771,110,100
4038,2771,100,10
4138,2771,10,100

Range : 901,1266,110,200
901,1266,100,10
1001,1266,10,200

Range : 1303,5236,210,110
1303,5236,100,10
1403,5236,10,100
1403,5336,100,10
1503,5246,10,100

Range : 2919,2122,400,100
2919,2212,100,10
3019,2122,10,100
3019,2122,300,10

Range : 4421,1066,300,110
4421,1066,200,10
4621,1066,10,100
4621,1166,100,10

Range : 3100,2840,210,190
3100,3020,100,10
3200,2930,10,100
3200,2930,100,10
3300,2840,10,100

Range : 4485,1029,100,10
4485,1029,100,10

Range : 1405,1803,100,10
1405,1803,100,10

Range : 4513,1659,200,10
4513,1659,200,10

Range : 2061,5870,210,100
2061,5870,200,10
2261,5870,10,100

Range : 4920,-99,500,370
4920,261,200,10
5120,171,10,100
5120,171,100,10
5220,-99,10,280
5220,-99,100,10
5320,-99,10,100
5320,1,100,10

Range : 2096,3459,410,190
2096,3639,300,10
2396,3549,10,100
2396,3549,100,10
2496,3459,10,100

Range : 24,2851,500,100
24,2941,400,10
424,2851,10,100
424,2851,100,10

Range : 4207,4404,100,10
4207,4404,100,10

Range : 3134,5112,110,200
3134,5112,100,10
3234,5112,10,200

Range : 2503,4818,400,10
2503,4818,400,10

Range : 5056,383,210,300
5056,383,200,10
5256,383,10,300

Range : 3376,799,210,280
3376,1069,200,10
3576,799,10,280

Range : 4632,1607,210,100
4632,1607,200,10
4832,1607,10,100

Range : 1839,803,310,190
1839,983,200,10
2039,893,10,100
2039,893,100,10
2139,803,10,100

Range : 1574,3308,110,200
1574,3308,100,10
1674,3308,10,200

Range : 4916,2604,300,370
4916,2964,100,10
5016,2604,10,370
5016,2604,200,10

Range : 445,450,100,10
445,450,100,10

Range : 3234,3483,310,370
3234,3843,200,10
3434,3573,10,280
3434,3573,100,10
3534,3483,10,100

Range : 794,5190,100,10
794,5190,100,10

Range : 1351,980,110,100
1351,1070,100,10
1451,980,10,100

Range : 4443,5850,400,210
4443,5850,300,10
4743,5850,10,200
4743,6050,100,10

Range : 1908,3022,110,200
1908,3022,100,10
2008,3022,10,200

Range : 2041,3160,110,100
2041,3160,100,10
2141,3160,10,100

Range : 4737,4004,200,100
4737,4094,100,10
4837,4004,10,100
4837,4004,100,10

Range : 3463,1831,210,100
3463,1831,200,10
3663,1831,10,100

Range : 457,874,310,300
457,874,200,10
657,874,10,100
657,974,100,10
757,974,10,200

Range : 4626,776,200,10
4626,776,200,10

Range : 4543,5774,200,10
4543,5774,200,10

Range : 3918,4403,400,110
3918,4403,100,10
4018,4403,10,100
4018,4503,300,10

Range : 5177,787,100,10
5177,787,100,10

Range : 4913,3690,400,100
4913,3780,100,10
5013,3690,10,100
5013,3690,300,10

Range : 4271,2210,210,200
4271,2300,100,10
4371,2210,10,100
4371,2210,100,10
4471,2210,10,200

Range : 1565,926,300,210
1565,926,100,10
1665,926,10,200
1665,1126,200,10

Range : 427,1380,200,10
427,1380,200,10

Range : 294,658,210,200
294,748,100,10
394,658,10,100
394,658,100,10
494,658,10,200

Range : 2181,3919,210,100
2181,4009,200,10
2381,3919,10,100

Range : 2471,5328,110,190
2471,5508,100,10
2571,5328,10,190

Range : 3595,1029,610,100
3595,1119,100,10
3695,1029,10,100
3695,1029,500,10
4195,1029,10,100

Range : 3388,3048,100,10
3388,3048,100,10

Range : 2523,1207,210,370
2523,1567,100,10
2623,1477,10,100
2623,1477,100,10
2723,1207,10,280

Range : 4053,3923,310,280
4053,4193,100,10
4153,4103,10,100
4153,4103,200,10
4353,3923,10,190

Range : 133,4304,210,190
133,4484,100,10
233,4394,10,100
233,4394,100,10
333,4304,10,100

Range : 4028,2419,310,210
4028,2509,100,10
4128,2419,10,100
4128,2419,100,10
4228,2419,10,200
4228,2619,100,10
4328,2529,10,100

Range : 4548,1573,100,10
4548,1573,100,10

Range : 3599,3868,300,110
3599,3868,100,10
3699,3868,10,100
3699,3968,200,10

Range : 181,3178,110,190
181,3358,100,10
281,3178,10,190

Range : 5075,4951,300,10
5075,4951,300,10

Range : 2211,1884,110,200
2211,1884,100,10
2311,1884,10,200

Range : 4166,3488,210,200
4166,3578,100,10
4266,3488,10,100
4266,3488,100,10
4366,3488,10,200

Range : 3760,172,710,110
3760,262,100,10
3860,172,10,100
3860,172,500,10
4360,172,10,100
4360,272,100,10
4460,182,10,100

Range : 2577,919,100,10
2577,919,100,10

Range : 1859,480,100,10
1859,480,100,10

Range : 3419,2602,200,10
3419,2602,200,10

Range : 1422,944,400,410
1422,944,100,10
1522,944,10,200
1522,1144,100,10
1622,1144,10,100
1622,1244,100,10
1722,1244,10,100
1722,1344,100,10

Range : 2719,2124,210,200
2719,2124,100,10
2819,2124,10,100
2819,2224,100,10
2919,2224,10,100

Range : 3074,1330,300,310
3074,1330,100,10
3174,1330,10,100
3174,1430,100,10
3274,1430,10,200
3274,1630,100,10

Range : 1645,775,200,100
1645,865,100,10
1745,775,10,100
1745,775,100,10

Range : 5190,223,310,550
5190,763,200,10
5390,673,10,100
5390,673,100,10
5490,223,10,460

Range : 2204,4356,100,10
2204,4356,100,10

Range : 2562,5407,210,370
2562,5767,100,10
2662,5497,10,280
2662,5497,100,10
2762,5407,10,100

Range : 3708,2065,100,10
3708,2065,100,10

Range : 970,769,210,100
970,769,200,10
1170,769,10,100

Range : 965,2658,300,100
965,2748,200,10
1165,2658,10,100
1165,2658,100,10

Range : 1032,1330,100,10
1032,1330,100,10

Range : 4990,3564,200,10
4990,3564,200,10

Range : 5201,995,410,280
5201,1265,100,10
5301,1085,10,190
5301,1085,100,10
5401,995,10,100
5401,995,200,10
5601,995,10,100

Range : 1625,1456,200,100
1625,1546,100,10
1725,1456,10,100
1725,1456,100,10

Range : 5172,3474,100,10
5172,3474,100,10

Range : 3190,2977,300,280
3190,3247,100,10
3290,2977,10,280
3290,2977,200,10

Range : 4628,4994,210,200
4628,4994,200,10
4828,4994,10,200

Range : 3317,1712,400,110
3317,1712,200,10
3517,1712,10,100
3517,1812,100,10
3617,1722,10,100
3617,1722,100,10

Range : 5131,1858,100,10
5131,1858,100,10

Range : 714,1085,200,190
714,1265,100,10
814,1085,10,190
814,1085,100,10

Range : 561,1579,400,100
561,1669,200,10
761,1579,10,100
761,1579,200,10

Range : 4811,4883,110,100
4811,4973,100,10
4911,4883,10,100

Range : 4848,4597,200,100
4848,4687,100,10
4948,4597,10,100
4948,4597,100,10

Range : 1227,-89,310,370
1227,271,200,10
1427,181,10,100
1427,181,100,10
1527,-89,10,280

Range : 3176,3905,500,110
3176,3905,100,10
3276,3905,10,100
3276,4005,200,10
3476,3915,10,100
3476,3915,200,10

Range : 3121,1774,300,110
3121,1864,100,10
3221,1774,10,100
3221,1774,100,10
3321,1774,10,100
3321,1874,100,10

Range : 3260,4965,210,200
3260,4965,100,10
3360,4965,10,100
3360,5065,100,10
3460,5065,10,100

Range : 4699,4417,300,100
4699,4507,100,10
4799,4417,10,100
4799,4417,200,10

Range : 2651,1935,310,100
2651,2025,300,10
2951,1935,10,100

Range : 1708,2401,100,10
1708,2401,100,10

Range : 1386,4293,100,10
1386,4293,100,10

Range : 4861,289,200,370
4861,649,100,10
4961,289,10,370
4961,289,100,10

Range : 712,3789,200,10
712,3789,200,10

Range : 4050,3753,300,190
4050,3833,100,10
4150,3833,10,100
4150,3933,100,10
4250,3753,10,190
4250,3753,100,10

Range : 413,2936,300,100
413,3026,200,10
613,2936,10,100
613,2936,100,10

Range : 254,1515,310,110
254,1515,200,10
454,1515,10,100
454,1615,100,10
554,1525,10,100

Range : 68,3485,210,300
68,3485,100,10
168,3485,10,100
168,3585,100,10
268,3585,10,200

Range : 3200,4898,100,10
3200,4898,100,10

Range : 3197,269,400,310
3197,269,200,10
3397,269,10,300
3397,569,100,10
3497,479,10,100
3497,479,100,10

Range : 3307,1138,100,10
3307,1138,100,10

Range : 3318,1124,110,100
3318,1124,100,10
3418,1124,10,100

Range : 3661,4243,110,100
3661,4333,100,10
3761,4243,10,100

Range : 3519,5246,300,100
3519,5336,200,10
3719,5246,10,100
3719,5246,100,10

Range : 1830,5276,300,210
1830,5276,100,10
1930,5276,10,100
1930,5376,100,10
2030,5376,10,100
2030,5476,100,10

Range : 1752,2823,110,200
1752,2823,100,10
1852,2823,10,200

Range : 25,1854,400,280
25,2124,300,10
325,1854,10,280
325,1854,100,10

Range : 714,2887,210,100
714,2977,200,10
914,2887,10,100

Range : 375,1449,200,10
375,1449,200,10

Range : 993,1916,300,100
993,2006,200,10
1193,1916,10,100
1193,1916,100,10

Range : 2598,3627,210,100
2598,3717,200,10
2798,3627,10,100

Range : 705,822,300,210
705,822,100,10
805,822,10,200
805,1022,100,10
905,842,10,190
905,842,100,10

Range : 2565,5790,300,410
2565,5790,100,10
2665,5790,10,100
2665,5890,100,10
2765,5890,10,300
2765,6190,100,10

Range : 996,688,100,10
996,688,100,10

Range : 3932,3848,210,300
3932,3848,200,10
4132,3848,10,300

Range : 2059,1623,200,10
2059,1623,200,10

Range : 32,473,400,310
32,473,100,10
132,473,10,300
132,773,300,10

Range : 4221,2950,110,200
4221,2950,100,10
4321,2950,10,200

Range : 2598,1883,300,110
2598,1883,100,10
2698,1883,10,100
2698,1983,200,10

Range : 3351,4870,100,10
3351,4870,100,10

Range : 2537,793,110,100
2537,793,100,10
2637,793,10,100

Range : 4800,2016,200,10
4800,2016,200,10

Range : 4899,1756,110,100
4899,1846,100,10
4999,1756,10,100

Range : 2274,5126,210,300
2274,5126,100,10
2374,5126,10,200
2374,5326,100,10
2474,5326,10,100

Range : 1181,2575,110,100
1181,2575,100,10
1281,2575,10,100

Range : 1561,4317,110,100
1561,4317,100,10
1661,4317,10,100

Range : 1982,3595,100,10
1982,3595,100,10

Range : 2935,2941,110,100
2935,2941,100,10
3035,2941,10,100

Range : 2508,741,200,10
2508,741,200,10

Range : 104,4130,210,100
104,4220,200,10
304,4130,10,100

Range : 2288,5080,410,210
2288,5080,100,10
2388,5080,10,100
2388,5180,100,10
2488,5180,10,100
2488,5280,200,10
2688,5190,10,100

Range : 4408,843,110,100
4408,843,100,10
4508,843,10,100

Range : 4939,4327,110,100
4939,4327,100,10
5039,4327,10,100

Range : 2979,4374,310,190
2979,4554,300,10
3279,4374,10,190

Range : 4927,1486,110,100
4927,1576,100,10
5027,1486,10,100

Range : 603,2825,200,10
603,2825,200,10

Range : 5129,4911,200,10
5129,4911,200,10

Range : 401,3046,200,10
401,3046,200,10

Range : 3298,4429,310,190
3298,4609,100,10
3398,4519,10,100
3398,4519,200,10
3598,4429,10,100

Range : 1446,3001,300,280
1446,3271,200,10
1646,3001,10,280
1646,3001,100,10

Range : 1288,1250,210,200
1288,1250,200,10
1488,1250,10,200

Range : 462,5221,300,210
462,5221,100,10
562,5221,10,200
562,5421,200,10

Range : 736,5173,400,10
736,5173,400,10

Range : 2575,2960,100,10
2575,2960,100,10

Range : 1263,4920,300,280
1263,5090,100,10
1363,5090,10,100
1363,5190,100,10
1463,4920,10,280
1463,4920,100,10

Range : 2486,1875,100,10
2486,1875,100,10

Range : 3559,3263,100,10
3559,3263,100,10

Range : 5037,5805,300,10
5037,5805,300,10

Range : 2240,2721,100,10
2240,2721,100,10

Range : 1052,5291,100,10
1052,5291,100,10

Range : 4747,5318,100,10
4747,5318,100,10

Range : 3496,3861,100,10
3496,3861,100,10

Range : 4845,1205,300,10
4845,1205,300,10

Range : 710,736,210,100
710,736,200,10
910,736,10,100

Range : 1627,906,300,10
1627,906,300,10

Range : 2025,5168,110,100
2025,5258,100,10
2125,5168,10,100

Range : 140,4727,210,300
140,4727,100,10
240,4727,10,200
240,4927,100,10
340,4927,10,100

Range : 5015,5407,410,370
5015,5767,100,10
5115,5677,10,100
5115,5677,100,10
5215,5497,10,190
5215,5497,200,10
5415,5407,10,100

Range : 1195,1079,100,10
1195,1079,100,10

Range : 1765,2005,200,10
1765,2005,200,10

Range : 4781,1280,100,10
4781,1280,100,10

Range : 1501,2261,110,100
1501,2261,100,10
1601,2261,10,100

Range : 2299,899,310,400
2299,989,100,10
2399,899,10,100
2399,899,100,10
2499,899,10,200
2499,1099,100,10
2599,1099,10,200

Range : 2388,4686,200,10
2388,4686,200,10

Range : 3076,1044,300,110
3076,1044,100,10
3176,1044,10,100
3176,1144,100,10
3276,1054,10,100
3276,1054,100,10

Range : 1634,254,410,110
1634,254,200,10
1834,254,10,100
1834,354,100,10
1934,264,10,100
1934,264,100,10
2034,264,10,100

Range : 3464,2549,200,10
3464,2549,200,10

Range : 2492,1888,100,10
2492,1888,100,10

Range : 1323,2520,400,110
1323,2520,100,10
1423,2520,10,100
1423,2620,200,10
1623,2530,10,100
1623,2530,100,10

Range : 2890,3716,200,10
2890,3716,200,10

Range : 3955,5730,310,400
3955,5730,100,10
4055,5730,10,300
4055,6030,200,10
4255,6030,10,100

Range : 3982,2184,310,110
3982,2184,100,10
4082,2184,10,100
4082,2284,200,10
4282,2194,10,100

Range : 4411,2692,100,10
4411,2692,100,10

Range : 1201,3364,300,110
1201,3364,100,10
1301,3364,10,100
1301,3464,200,10

Range : 3533,1185,100,10
3533,1185,100,10

Range : 1579,2644,100,10
1579,2644,100,10

Range : 80,319,400,110
80,319,100,10
180,319,10,100
180,419,100,10
280,329,10,100
280,329,200,10

Range : 2100,1895,200,10
2100,1895,200,10

Range : 1409,4697,100,10
1409,4697,100,10

Range : 2987,5365,110,280
2987,5635,100,10
3087,5365,10,280

Range : 4159,2677,400,100
4159,2767,200,10
4359,2677,10,100
4359,2677,200,10

Range : 2949,5688,100,10
2949,5688,100,10

Range : 236,2837,200,10
236,2837,200,10

Range : 3030,299,200,10
3030,299,200,10

Range : 765,1562,210,280
765,1832,100,10
865,1652,10,190
865,1652,100,10
965,1562,10,100

Range : 3731,2509,200,100
3731,2599,100,10
3831,2509,10,100
3831,2509,100,10

Range : 4627,735,100,10
4627,735,100,10

Range : 1707,2788,500,110
1707,2788,200,10
1907,2788,10,100
1907,2888,300,10

Range : 3800,2659,300,310
3800,2749,100,10
3900,2659,10,100
3900,2659,100,10
4000,2659,10,300
4000,2959,100,10

Range : 1475,434,310,300
1475,434,100,10
1575,434,10,200
1575,634,200,10
1775,634,10,100

Range : 962,5323,100,10
962,5323,100,10

Range : 1486,2326,110,100
1486,2416,100,10
1586,2326,10,100

Range : 1936,1582,100,10
1936,1582,100,10

Range : 2963,5114,100,10
2963,5114,100,10

Range : 4767,4308,200,100
4767,4398,100,10
4867,4308,10,100
4867,4308,100,10

Range : 3118,3627,300,100
3118,3717,100,10
3218,3627,10,100
3218,3627,200,10

Range : 4469,782,100,10
4469,782,100,10

Range : 2710,4216,400,190
2710,4396,100,10
2810,4216,10,190
2810,4216,300,10

Range : 4452,3819,200,110
4452,3819,100,10
4552,3819,10,100
4552,3919,100,10

Range : 3758,4473,110,100
3758,4473,100,10
3858,4473,10,100

Range : 1480,2239,100,10
1480,2239,100,10

Range : 1695,5151,110,200
1695,5151,100,10
1795,5151,10,200

Range : 1526,4340,110,100
1526,4430,100,10
1626,4340,10,100

Range : 4322,1963,300,100
4322,2053,200,10
4522,1963,10,100
4522,1963,100,10

Range : 3850,5827,100,10
3850,5827,100,10

Range : 2182,4586,200,100
2182,4676,100,10
2282,4586,10,100
2282,4586,100,10

Range : 4680,827,200,10
4680,827,200,10

Range : 4790,4465,300,100
4790,4555,100,10
4890,4465,10,100
4890,4465,200,10

Range : 583,478,200,10
583,478,200,10

Range : 1925,1667,100,10
1925,1667,100,10

Range : 1171,4690,100,10
1171,4690,100,10

Range : 2504,4989,110,100
2504,4989,100,10
2604,4989,10,100

Range : 805,3004,200,10
805,3004,200,10

Range : 5108,3320,100,10
5108,3320,100,10

Range : 3484,2084,210,100
3484,2084,200,10
3684,2084,10,100

Range : 2102,5514,300,100
2102,5604,200,10
2302,5514,10,100
2302,5514,100,10

